     30
      0  controlGridAirfoil.input      0     32    0.0000000000E+00   -0.5000000000E+01    0.5000000000E+01
      1  controlGridAirfoil.input      0     33    0.0000000000E+00   -0.5000000000E+01    0.5000000000E+01
      2  controlGridAirfoil.input      0     34    0.0000000000E+00   -0.5000000000E+00    0.5000000000E+00
      3  controlGridAirfoil.input      0     35    0.0000000000E+00   -0.5000000000E+00    0.5000000000E+00
      4  controlGridAirfoil.input      0     36    0.0000000000E+00   -0.5000000000E+00    0.5000000000E+00
      5  controlGridAirfoil.input      0     37    0.0000000000E+00   -0.5000000000E+00    0.5000000000E+00
      6  controlGridAirfoil.input      0     38    0.0000000000E+00   -0.5000000000E+00    0.5000000000E+00
      7  controlGridAirfoil.input      0     39    0.0000000000E+00   -0.5000000000E+00    0.5000000000E+00
      8  controlGridAirfoil.input      0     40    0.0000000000E+00   -0.5000000000E+00    0.5000000000E+00
      9  controlGridAirfoil.input      0     41    0.0000000000E+00   -0.5000000000E+00    0.5000000000E+00
     10  controlGridAirfoil.input      0     42    0.0000000000E+00   -0.5000000000E+00    0.5000000000E+00
     11  controlGridAirfoil.input      0     43    0.0000000000E+00   -0.5000000000E+00    0.5000000000E+00
     12  controlGridAirfoil.input      0     44    0.0000000000E+00   -0.5000000000E+00    0.5000000000E+00
     13  controlGridAirfoil.input      0     45    0.0000000000E+00   -0.5000000000E+00    0.5000000000E+00
     14  controlGridAirfoil.input      0     46    0.0000000000E+00   -0.5000000000E+00    0.5000000000E+00
     15  controlGridAirfoil.input      0     47    0.0000000000E+00   -0.5000000000E+00    0.5000000000E+00
     16  controlGridAirfoil.input      0     48    0.0000000000E+00   -0.5000000000E+00    0.5000000000E+00
     17  controlGridAirfoil.input      0     49    0.0000000000E+00   -0.5000000000E+00    0.5000000000E+00
     18  controlGridAirfoil.input      0     40    0.0000000000E+00   -0.5000000000E+00    0.5000000000E+00
     19  controlGridAirfoil.input      0     51    0.0000000000E+00   -0.5000000000E+00    0.5000000000E+00
     20  controlGridAirfoil.input      2     52    0.0000000000E+00   -0.5000000000E+00    0.5000000000E+00
     21  controlGridAirfoil.input      2     53    0.0000000000E+00   -0.5000000000E+00    0.5000000000E+00
     22  controlGridAirfoil.input      2     54    0.0000000000E+00   -0.5000000000E+00    0.5000000000E+00
     23  controlGridAirfoil.input      2     55    0.0000000000E+00   -0.5000000000E+00    0.5000000000E+00
     24  controlGridAirfoil.input      2     56    0.0000000000E+00   -0.5000000000E+00    0.5000000000E+00
     25  controlGridAirfoil.input      2     57    0.0000000000E+00   -0.5000000000E+00    0.5000000000E+00
     26  controlGridAirfoil.input      2     58    0.0000000000E+00   -0.5000000000E+00    0.5000000000E+00
     27  controlGridAirfoil.input      2     59    0.0000000000E+00   -0.5000000000E+00    0.5000000000E+00
     28  controlGridAirfoil.input      2     60    0.0000000000E+00   -0.5000000000E+00    0.5000000000E+00
     29  controlGridAirfoil.input      2     61    0.0000000000E+00   -0.5000000000E+00    0.5000000000E+00
     0.3500000000E+01
      0  0.0000000E+00
      1  0.0000000E+00
      2  0.0000000E+00
      3  0.0000000E+00
      4  0.0000000E+00
      5  0.0000000E+00
      6  0.0000000E+00
      7  0.0000000E+00
      8  0.0000000E+00
      9  0.0000000E+00
     10  0.0000000E+00
     11  0.0000000E+00
     12  0.0000000E+00
     13  0.0000000E+00
     14  0.0000000E+00
     15  0.0000000E+00
     16  0.0000000E+00
     17  0.0000000E+00
     18  0.0000000E+00
     19  0.0000000E+00
     20  0.0000000E+00
     21  0.0000000E+00
     22  0.0000000E+00
     23  0.0000000E+00
     24  0.0000000E+00
     25  0.0000000E+00
     26  0.0000000E+00
     27  0.0000000E+00
     28  0.0000000E+00
     29  0.0000000E+00
     Weight
     0.0   0.0   0.0   0.0 
     Target
     0.0   0.0   0.0
     Current
     0.0   0.0   0.0
