----- Residuals -----
Node #      R1                  R2                  R3                  R4
    0   -4.6870686585e-12   -3.3009267560e-12   -1.6642839010e-12   -1.3148191737e-11
    1   -1.5374862299e-13   -6.2957282239e-14    1.0554970729e-14   -3.8064842077e-13
    2   -6.5317543041e-14   -3.7268390994e-14   -2.9128344973e-15   -1.5922332897e-13
    3   -3.8473347772e-14   -8.2731258029e-15   -3.7277157679e-16   -8.0183039028e-14
    4   -2.5773437204e-14   -6.7819355224e-16    4.4776533284e-15   -4.7148483034e-14
    5   -1.5944385569e-14    9.0651773121e-15    4.7236647306e-15   -1.8803318277e-14
    6   -1.3054010997e-14    1.1404077213e-14    5.5467224103e-15   -1.1553692031e-14
    7   -1.1164788712e-14    1.3233491985e-14    5.1122749764e-15   -6.7832024719e-15
    8   -1.1385207013e-14    1.2698223490e-14    4.4866361128e-15   -8.1484298475e-15
    9   -1.0987738497e-14    1.2575242670e-14    3.9489573856e-15   -7.9979425860e-15
   10   -1.1497421938e-14    9.6304066330e-15    5.8026110636e-15   -1.1898034641e-14
   11   -1.4181100142e-14    5.5037402527e-15    4.9857638295e-15   -2.0311660340e-14
   12   -1.2573697576e-14    8.1124945277e-15    1.9444301990e-15   -1.5234643110e-14
   13   -1.1256295375e-14    8.8177530061e-15    2.1523014016e-15   -1.2570023147e-14
   14   -1.1486471496e-14    7.6538983434e-15    1.9116839053e-15   -1.4146019425e-14
   15   -1.1453132279e-14    6.3812629980e-15    1.6679205285e-15   -1.5390032998e-14
   16   -1.1426840377e-14    4.9187596323e-15    1.4647181715e-15   -1.6704086031e-14
   17   -1.0685273196e-14    5.0907408578e-15   -3.0143844303e-15   -1.5225613739e-14
   18    6.4340026362e-14    6.9196260431e-14    2.3176939019e-14    1.9092388261e-13
   19   -1.4340254244e-14    8.3603515882e-15   -1.4749737923e-14   -2.3230441008e-14
   20   -6.8208242873e-15    1.5697082891e-15    2.7383897558e-16   -1.1509673423e-14
   21   -3.6560381458e-15    4.2979312276e-15    5.0649309169e-15   -3.8421956589e-15
   22   -6.6071280391e-16    6.0957449204e-15    1.0830369093e-14    3.0110462734e-15
   23    7.2106085209e-14    6.7787643475e-14    2.4568951271e-14    2.0484942952e-13
   24    3.2767175475e-13    2.6223984002e-13   -4.5978467107e-14    9.1868049626e-13
   25    3.3907761581e-13    3.5992950551e-13   -1.3151559547e-13    1.0132418586e-12
   26    5.2771437394e-13    1.1281880090e-13   -4.2090156518e-13    1.4084560341e-12
   27    3.1780849653e-13    3.4300673314e-13   -2.6454451524e-13    9.9350302291e-13
   28    7.3989962377e-13    2.6109808472e-13   -6.3146286948e-13    2.1656326905e-12
   29    7.1877074605e-13    1.5249484948e-13   -4.5394975290e-13    2.1075580517e-12
   30    6.1120336223e-13   -4.3787389384e-15   -2.2985207807e-13    1.7950027315e-12
   31    8.9454973377e-13   -1.2695602473e-13    5.3378462136e-14    2.7515750095e-12
   32    1.0701186031e-12    1.2129815127e-12    3.2744858020e-14    3.4157438163e-12
   33   -8.5374686921e-15    1.9353764396e-12   -1.8877550915e-12    2.1245472829e-13
   34   -1.1304175911e-12    2.9801514116e-13   -3.2591331833e-12   -3.3637467811e-12
   35   -2.4259160219e-12   -1.4049006402e-12   -7.6753178466e-12   -7.8420408188e-12
   36   -7.2619774599e-12   -6.3325713119e-12   -1.4717286701e-11   -2.2693630007e-11
   37   -1.2456102447e-11   -1.4931586281e-11   -1.6350831705e-11   -3.8756542246e-11
   38   -1.1491113725e-11   -1.6121953598e-11   -1.3895496298e-11   -3.6782009296e-11
   39   -1.1413753406e-11   -1.7184720750e-11   -3.1904018357e-12   -3.6193312236e-11
   40   -1.9614944489e-11   -3.9258483539e-11   -1.2664083854e-11   -6.9081486083e-11
   41   -3.3945525210e-11   -6.0111828629e-11   -1.8935136624e-11   -1.1042270570e-10
   42   -3.8618990120e-08   -3.8317682937e-08   -3.2122111990e-10   -1.0905297165e-07
   43   -8.1643288050e-11   -1.9940507032e-10    3.9994902421e-11   -2.9487491875e-10
   44    3.8364730704e-08    3.9008325452e-08   -1.0983301314e-09    1.0817823660e-07
   45    2.2638507171e-11    1.5312192930e-11   -5.4108016868e-11    5.9167644037e-11
   46    1.3945834938e-11    9.8709100757e-12   -3.0366495586e-11    3.6851013994e-11
   47    8.2798115694e-12    6.6033963922e-12   -1.4677931659e-11    2.2158973658e-11
   48    5.3982392935e-12    2.7319059641e-12   -8.3277138720e-12    1.3658252067e-11
   49    2.8226802406e-12    1.8422498703e-12   -3.8452235763e-12    7.4971033071e-12
   50    1.6594830978e-12    1.0612469536e-12   -2.1801320125e-12    4.4175268912e-12
   51    8.5421399771e-13    5.8505606263e-13   -1.3532533740e-12    2.3352982959e-12
   52    5.5175525607e-13    2.3442695268e-13   -9.3996666800e-13    1.4193680953e-12
   53    2.7905846037e-13    9.2030833604e-14   -3.7999727266e-13    6.9145860912e-13
   54    1.7048894848e-13    1.0374511758e-13   -1.4569741897e-13    4.5037758245e-13
   55    1.7595083376e-13    1.4447896991e-13   -1.3060882806e-13    4.8967581156e-13
   56    1.1020307930e-13    5.8674794831e-14   -9.3658544631e-14    2.8180864760e-13
   57    7.0493808815e-14    1.5897532047e-14   -8.1181052210e-14    1.6462043317e-13
   58    4.2500291481e-14   -2.7195421187e-14   -1.3150355574e-13    7.7372786997e-14
   59    2.1197995616e-14   -3.6246024556e-14   -1.1991025984e-13    2.2073705711e-14
   60    5.6449636632e-14   -3.5150849495e-14   -1.6131121775e-13    1.0675531639e-13
   61   -9.0403162387e-14    1.6446139638e-13   -1.3121432872e-13   -1.3749223114e-13
   62    0.0000000000e+00    0.0000000000e+00    0.0000000000e+00    0.0000000000e+00
   63    0.0000000000e+00    0.0000000000e+00    0.0000000000e+00    0.0000000000e+00
   64    0.0000000000e+00    0.0000000000e+00    0.0000000000e+00    0.0000000000e+00
   65    0.0000000000e+00    0.0000000000e+00    0.0000000000e+00    0.0000000000e+00
   66    0.0000000000e+00    0.0000000000e+00    0.0000000000e+00    0.0000000000e+00
   67    0.0000000000e+00    0.0000000000e+00    0.0000000000e+00    0.0000000000e+00
   68    0.0000000000e+00    0.0000000000e+00    0.0000000000e+00    0.0000000000e+00
   69    0.0000000000e+00    0.0000000000e+00    0.0000000000e+00    0.0000000000e+00
   70    0.0000000000e+00    0.0000000000e+00    0.0000000000e+00    0.0000000000e+00
   71    0.0000000000e+00    0.0000000000e+00    0.0000000000e+00    0.0000000000e+00
   72    0.0000000000e+00    0.0000000000e+00    0.0000000000e+00    0.0000000000e+00
   73    0.0000000000e+00    0.0000000000e+00    0.0000000000e+00    0.0000000000e+00
   74    0.0000000000e+00    0.0000000000e+00    0.0000000000e+00    0.0000000000e+00
   75    0.0000000000e+00    0.0000000000e+00    0.0000000000e+00    0.0000000000e+00
   76    0.0000000000e+00    0.0000000000e+00    0.0000000000e+00    0.0000000000e+00
   77    0.0000000000e+00    0.0000000000e+00    0.0000000000e+00    0.0000000000e+00
   78    0.0000000000e+00    0.0000000000e+00    0.0000000000e+00    0.0000000000e+00
   79    0.0000000000e+00    0.0000000000e+00    0.0000000000e+00    0.0000000000e+00
   80    0.0000000000e+00    0.0000000000e+00    0.0000000000e+00    0.0000000000e+00
   81    0.0000000000e+00    0.0000000000e+00    0.0000000000e+00    0.0000000000e+00
   82    0.0000000000e+00    0.0000000000e+00    0.0000000000e+00    0.0000000000e+00
   83    0.0000000000e+00    0.0000000000e+00    0.0000000000e+00    0.0000000000e+00
   84    0.0000000000e+00    0.0000000000e+00    0.0000000000e+00    0.0000000000e+00
   85    0.0000000000e+00    0.0000000000e+00    0.0000000000e+00    0.0000000000e+00
   86    0.0000000000e+00    0.0000000000e+00    0.0000000000e+00    0.0000000000e+00
   87    0.0000000000e+00    0.0000000000e+00    0.0000000000e+00    0.0000000000e+00
   88    0.0000000000e+00    0.0000000000e+00    0.0000000000e+00    0.0000000000e+00
   89    0.0000000000e+00    0.0000000000e+00    0.0000000000e+00    0.0000000000e+00
   90    0.0000000000e+00    0.0000000000e+00    0.0000000000e+00    0.0000000000e+00
   91    0.0000000000e+00    0.0000000000e+00    0.0000000000e+00    0.0000000000e+00
   92    0.0000000000e+00    0.0000000000e+00    0.0000000000e+00    0.0000000000e+00
   93    0.0000000000e+00    0.0000000000e+00    0.0000000000e+00    0.0000000000e+00
   94   -1.7337520308e-12   -1.9738186779e-12    4.5083606987e-12   -5.1425010084e-12
   95   -7.1230521481e-13   -7.2157904651e-13    1.1294524344e-13   -2.1061555278e-12
   96   -1.1004981648e-12   -1.2755005385e-12    2.3397395132e-12   -3.3604473371e-12
   97   -5.0679642774e-13   -2.1320445409e-13    9.5185448065e-13   -1.3051565037e-12
   98   -5.0279268596e-13   -6.4379881634e-13    1.2151612182e-12   -1.4924962308e-12
   99   -2.7049282952e-13   -4.7545159406e-13    6.7407711357e-13   -7.6821014827e-13
  100   -6.7928024317e-12   -3.9643913152e-12    2.9546851077e-11   -1.8176418703e-11
  101    9.2342800073e-14    5.6676885407e-14    9.2937463281e-13    2.2974677716e-13
  102   -1.2158607454e-12   -7.0957822951e-13    1.6348866705e-12   -3.2587543775e-12
  103   -4.5987259140e-13   -6.0202927712e-13    7.7855256964e-14   -1.3321878323e-12
  104   -5.7033462154e-12   -6.9951106539e-12    1.8850887431e-11   -1.9762564848e-11
  105    8.9673586482e-13    1.9176940580e-11    1.4423140677e-11    8.8699466608e-12
  106   -3.9026971216e-13   -4.9936888392e-13    4.1731268235e-13   -1.1207455049e-12
  107   -1.0641208401e-11    6.1720351052e-12    2.1205164361e-11   -3.5491120459e-11
  108   -1.1804192064e-11   -1.3523867356e-12   -1.1544028212e-11   -2.9764553235e-11
  109    2.4851079311e-14   -1.4811524403e-13    6.8045461945e-13    1.7453757623e-14
  110    2.0525248168e-14    1.0079285497e-14    1.5898480449e-13    7.3712737303e-14
  111   -7.1686268575e-14   -8.8439170809e-14    8.3834428657e-14   -1.9871661283e-13
  112   -1.7851069418e-11   -2.1800844062e-11   -2.8740602780e-11   -5.3278545313e-11
  113   -3.4016453527e-15   -4.3224260705e-16    4.8249669065e-14   -1.3678582599e-14
  114   -3.6238444564e-14   -5.3752995436e-14    1.8565976257e-14   -1.0114752460e-13
  115    7.0406354358e-14    2.5876731178e-14    1.0984225682e-13    2.0105835399e-13
  116   -2.5344570193e-13   -6.3334667372e-13    2.0114890656e-12   -1.0240072679e-12
  117    6.5404827414e-13    5.3022029042e-13   -1.3265238314e-13    1.8091392506e-12
  118    5.9423223720e-14    1.0125621587e-13    5.2050432107e-14    2.2008116900e-13
  119    3.1760878649e-13    3.9080576882e-13    8.1480308611e-13    9.5787787424e-13
  120    1.3087748997e-13    1.3081457914e-13   -1.6965994039e-13    3.8175168457e-13
  121    6.6126596386e-13    7.1254308877e-13   -2.1998375344e-13    1.8750231402e-12
  122    3.4950774913e-13    3.5689333433e-13    1.3461705708e-12    1.0232769493e-12
  123   -8.2024057685e-13   -4.2517898924e-13   -6.4221197804e-14   -2.1777258816e-12
  124   -3.9138831065e-13   -1.8089627019e-12    1.8184629150e-12   -1.9363885495e-12
  125    1.2552612675e-10    1.8694341547e-10    3.2924968840e-10    4.0063148457e-10
  126   -1.4281384625e-10   -2.4349540591e-10   -1.7338178202e-10   -4.2368036596e-10
  127    1.0557312841e-10    2.3627181248e-10    2.0859311110e-10    3.3133313256e-10
  128    1.9015561695e-12    2.5909014517e-12    1.3329582663e-12    5.3426117697e-12
  129    1.1125031322e-10    2.1425565282e-10    8.9335365928e-11    3.4009893946e-10
  130   -1.3894956420e-11   -6.2905498681e-12   -6.8067719281e-11   -4.0538425888e-11
  131    1.2583684095e-14    9.0764147500e-14   -3.9066614527e-12    4.5194403775e-13
  132    4.4920358665e-12    1.5402879493e-11    6.0002159491e-12    1.5839890163e-11
  133    1.6417501473e-11    2.2884390346e-11   -3.9678802344e-11    4.9281195444e-11
  134    1.3203604876e-12    1.4645715196e-12    1.6509016376e-13    3.4670322169e-12
  135    5.1124372747e-12   -1.3084405521e-12   -1.5780691857e-11    1.0802791170e-11
  136    4.2332185934e-14   -5.1553813302e-16   -5.7640681507e-13    1.4287974016e-13
  137    3.8570687443e-12    5.8145025253e-12    9.8386273087e-13    1.0333876116e-11
  138    1.2000551377e-13    1.9895001445e-14   -5.8660953699e-13    3.3671644032e-13
  139   -4.9660317091e-12    7.4047337272e-12    3.3940515329e-13   -1.4552560545e-11
  140   -1.2136548103e-10   -2.0525114724e-10   -2.7924401940e-11   -3.4441591679e-10
  141    1.4967888040e-13    1.0338951917e-13    1.3543888233e-12    4.0986658512e-13
  142    1.6108370300e-12    6.3909123423e-13   -4.2931420629e-12    4.2741408930e-12
  143    2.3071475286e-13    3.7057162894e-14    7.7431810963e-13    5.8032745276e-13
  144   -3.5593056280e-14   -3.1329799866e-13    6.6388561315e-13   -2.5091734246e-13
  145   -1.2374373314e-10   -1.4248890151e-10   -2.1156566444e-10   -3.5107864371e-10
  146   -3.3408519007e-13   -8.5573909070e-14    2.9868989226e-13   -8.4091761332e-13
  147   -6.5268543608e-12   -8.7295687172e-12    9.1054240970e-12   -2.0111703318e-11
  148   -6.4143135248e-13   -1.5083767568e-13    6.0562665993e-13   -1.5993872893e-12
  149   -6.6981403063e-13   -3.1013169463e-14    6.8149791366e-12   -1.5731253106e-12
  150    3.9702627037e-13    3.4806231790e-13   -6.0217456022e-14    1.1024271231e-12
  151    6.4765265362e-13    5.1978603713e-13    3.9446873231e-14    1.7793424476e-12
  152   -4.5408121707e-13   -4.2728667826e-13    2.9892754938e-14   -1.2962131368e-12
  153    5.3091385455e-13   -5.8043847506e-15    8.0857699009e-12    1.0185827876e-12
  154    1.3502345943e-12    1.0430975203e-12   -6.6507086297e-13    3.7527116831e-12
  155   -2.8318666856e-12   -2.7009844014e-12    3.6695924077e-12   -8.1991913259e-12
  156    9.3194976205e-13    9.7255881191e-13   -2.3858394982e-13    2.7367224426e-12
  157    1.9724673284e-14   -2.3791732473e-15    4.2301231962e-14    4.0413852820e-14
  158   -2.0019957914e-12   -2.6474412940e-12    1.9363260995e-12   -6.2041205506e-12
  159   -8.9633595685e-14   -1.0496318441e-13   -1.9913714774e-13   -2.6489921368e-13
  160    3.6882892573e-12    5.0437900384e-12    7.9864326957e-13    9.8428522277e-12
  161    1.1863825894e-12    7.5483803236e-13    7.0752119441e-12    3.4238653579e-12
  162   -4.7625705463e-13   -5.4693445953e-13    9.0089741223e-13   -1.3316518027e-12
  163   -1.3249124020e-13    1.5304294290e-13   -1.8793300249e-13   -3.2976399389e-13
  164   -1.9809674734e-13   -1.3535093185e-13    7.9311557322e-14   -4.9048959339e-13
  165   -4.5936518478e-13   -6.1742061117e-13    2.4727442316e-13   -1.2477553712e-12
  166   -3.4303029167e-13    1.4214801211e-13    5.3924085249e-13   -6.8066819542e-13
  167   -9.9424635192e-13   -5.7122579236e-13    2.3791801862e-12   -2.6603788617e-12
  168   -3.4121316883e-13   -2.4061460289e-13    9.9286551203e-13   -9.3436369752e-13
  169   -2.9468615048e-13   -4.9769715259e-13    5.8018477175e-14   -9.9364223446e-13
  170    1.9829693443e-12    4.6139461609e-12    7.8444707327e-11    8.0747214470e-12
  171    5.3181240336e-11    2.8594337510e-11    5.4056348644e-11    1.5572026481e-10
  172    4.3490302158e-10    6.6561553491e-10    7.9745899727e-10    1.3705673610e-09
  173   -3.7049121583e-11   -3.1845241654e-11   -6.1359758637e-11   -1.0582063698e-10
  174   -1.0074006787e-13   -6.1635890619e-14    2.3893227349e-14   -2.5764340748e-13
  175   -3.9845826291e-12   -3.2383430789e-12   -6.9046621719e-12   -1.1048121619e-11
  176    5.6913740214e-13   -9.5900891395e-13   -3.1547798228e-12    1.1059425944e-12
  177   -3.0921445959e-15   -6.9600358463e-16    1.4147754149e-15   -6.4130558503e-15
  178    5.5569437940e-13    1.9177628235e-13    6.0128985124e-13    1.4900233825e-12
  179   -4.3080637798e-13   -4.8961610591e-13    2.5596202675e-13   -1.1993540926e-12
  180   -1.4570376156e-14   -1.7118034421e-14    3.0106125926e-15   -3.8581117467e-14
  181   -4.7622496224e-15   -5.3516219234e-15   -2.1137605555e-15   -1.2378119363e-14
  182    1.7983745732e-12    1.6853324021e-12    7.6619347802e-14    5.0458198275e-12
  183    1.5201446872e-12    7.9771638514e-14    2.2562420682e-13    3.5914257679e-12
  184    4.8819834893e-14    5.4474016986e-14   -1.3768283388e-14    1.4149749081e-13
  185    1.2444602640e-12    8.7115687927e-13    3.3333071546e-12    3.3315281957e-12
  186    1.5707428847e-12    1.1559258867e-12   -1.3073410491e-12    4.5766986121e-12
  187    6.8276981291e-14    8.3110926995e-14   -5.7460546737e-15    2.0342083053e-13
  188    2.1321968063e-11    4.1513634978e-11   -5.4412613304e-11    8.5849662448e-11
  189    2.2045969000e-11    2.4810471494e-11    1.2603596541e-10    7.0137425381e-11
  190    1.0833832139e-10    1.3787236424e-10    3.2910966270e-10    3.3495207042e-10
  191    2.3309536037e-11    1.6800860003e-11   -3.5112092336e-11    5.5303592387e-11
  192    8.4097909436e-13    2.4973146923e-13   -1.6658310236e-12    2.1657036787e-12
  193    3.0826025326e-13    1.7554339059e-13   -7.8166856668e-13    8.5124312113e-13
  194    1.2670654456e-12    1.8683023878e-12    2.1919326163e-12    3.8049216555e-12
  195    5.8447577290e-14    2.8799824938e-14   -2.9123428793e-13    1.7108054340e-13
  196    2.7470560549e-13    4.4470503668e-13   -1.8728074647e-13    7.8279396853e-13
  197    6.4188888579e-14    4.6848375873e-16   -2.2657584630e-12    2.9063524590e-13
  198    3.7041897327e-13   -5.3087569063e-13    6.8919037144e-12    7.1996575368e-13
  199   -3.1369167246e-11   -1.8738157076e-11   -6.3032949086e-11   -9.0310506469e-11
  200    4.7284727674e-11    5.2570976435e-11   -1.0607528311e-11    1.4850949745e-10
  201    1.4287839575e-12    1.0244767274e-12   -1.0045043681e-12    4.1978118572e-12
  202    3.1980329843e-12    2.6654416521e-12    1.9062737500e-12    8.9221963151e-12
  203    2.3501465531e-12    2.0918366323e-12    1.0681169491e-13    6.5179450379e-12
  204   -1.3996928616e-12   -1.1319660487e-12    2.8532176621e-12   -3.9344916214e-12
  205   -3.4448745939e-13   -2.3304014968e-13    1.0385607305e-12   -9.4006052942e-13
  206    8.7253143079e-13    7.5862471687e-13   -7.9588229453e-13    2.5847418281e-12
  207   -1.1271114250e-12   -1.3169263856e-12    4.2761714308e-13   -2.9670953194e-12
  208    3.7791447489e-12    5.6043442456e-12    1.4186362805e-11    1.3597945686e-11
  209    3.6025317712e-11    1.0511260265e-11    1.4117837541e-11    9.8460763848e-11
  210   -1.2327920802e-12   -1.6791171318e-12    9.9019035159e-13   -3.4688983457e-12
  211    6.8904083828e-14   -2.9265262089e-13    2.0721766317e-12    2.4544602462e-14
  212   -1.1369865553e-13   -1.0493450726e-13    6.7147947359e-14   -3.1801980754e-13
  213    8.0067159500e-13    6.2337483266e-13    2.3867856476e-12    2.3188924739e-12
  214   -3.5344590516e-10   -6.3553187384e-10   -1.2022320838e-10   -1.1252957629e-09
  215   -3.3572737635e-11    9.8637471888e-13   -1.0464947268e-10   -7.2827480320e-11
  216   -6.1083516717e-14   -7.0594246594e-14   -1.7171594008e-14   -1.7172981787e-13
  217   -4.1520519661e-12   -5.4818951570e-12   -3.3654763004e-13   -1.3040591176e-11
  218   -4.1080715218e-12   -7.8365510695e-12   -2.8999255254e-11   -1.2753282805e-11
  219   -1.4456652834e-13   -1.0933560914e-13    2.6425816051e-14   -3.9221943293e-13
  220   -1.4282412059e-14   -1.5973225347e-14    1.2736014500e-14   -4.1784501206e-14
  221   -4.3157751678e-14   -7.2329241121e-14    3.5757421329e-14   -1.2609184530e-13
  222    3.4056173897e-11   -1.2950810129e-12    2.4525837687e-11    8.6019098745e-11
  223    1.2765559009e-12    1.6204640711e-12   -4.3102847680e-13    3.8705661939e-12
  224    4.5917637097e-13   -6.2016093216e-15    2.1093221028e-12    1.1431834483e-12
  225    5.6110756232e-12    2.0809027244e-12   -2.1747547339e-12    1.5362974348e-11
  226    8.5102064284e-14    1.3865167695e-13    3.9032579252e-14    2.7057913202e-13
  227    1.3677575836e-11    2.5490251132e-11   -1.5849166557e-11    4.4005846276e-11
  228    1.6023645084e-11    7.9320611494e-12    5.0383598118e-11    5.0676560821e-11
  229    6.5633409731e-11    5.8466232994e-11    2.6328538178e-10    2.2130794289e-10
  230    1.3812438172e-11    3.5004513922e-11   -5.5846271184e-11    1.9641769114e-11
  231    1.6957485763e-12    2.4028539575e-12    1.0179530829e-12    4.8749199122e-12
  232   -1.6803919367e-12   -9.9866653575e-13   -7.2595080988e-12   -4.0013647777e-12
  233   -2.4703994818e-12   -2.0890390112e-12   -3.8833901101e-12   -7.0815525752e-12
  234   -9.8033985443e-12   -9.1399327343e-12   -8.0250389667e-12   -2.8816716374e-11
  235   -8.7422150655e-11   -7.3748871701e-11   -1.9474745698e-10   -2.1970769672e-10
  236    6.3561102995e-12    1.3078566008e-12   -2.4211342566e-12    1.7034262022e-11
  237    1.2581619774e-12    7.3907676854e-13   -7.5867871013e-13    3.5864341011e-12
  238    2.0734813606e-13   -1.4707343416e-13    1.8024496826e-12    4.0203344126e-13
  239    2.0483016325e-12    1.9755547025e-12    2.5557689645e-12    5.9460110446e-12
  240   -1.0907108550e-12   -9.2384719395e-13    1.3045883818e-12   -3.1086661023e-12
  241    2.0848600624e-13   -1.2921920478e-12    3.1870443784e-12   -2.2538221289e-13
  242    8.2520795752e-15    1.8067665419e-13    1.2246020170e-13   -6.3896804514e-14
  243   -4.4836703794e-13   -2.4829422372e-13    6.6298355694e-13   -1.1919423781e-12
  244    5.9059523765e-12    1.1900625884e-12    4.2732443018e-12    1.4982254803e-11
  245   -4.5519230746e-13   -4.3555588823e-13    2.5782511976e-13   -1.2639130194e-12
  246   -1.5870697009e-11   -4.0660591213e-12   -3.8313185361e-11   -5.1483421259e-11
  247    7.6784841506e-12    1.0979697761e-10    5.2530977832e-11    4.7744542261e-11
  248   -6.2210870136e-14   -3.3747039451e-14    1.5934519329e-14   -1.6422974092e-13
  249    1.4021674880e-11    6.5471564802e-12    2.6865273894e-11    3.9088793834e-11
  250    1.8143008797e-12    1.4455774834e-12    1.2160914636e-12    4.9201059893e-12
  251    1.0335725765e-11    2.9948899263e-12    2.0537860014e-12    2.7244585060e-11
  252   -3.0402668230e-12    5.0497446123e-12   -1.9742306748e-11   -8.9343105397e-12
  253    3.0557170997e-11   -1.6085246931e-11    5.2480049169e-11    8.6538725784e-11
  254   -1.6482140089e-11   -1.1680803460e-11   -2.1385973071e-11   -4.5391624053e-11
  255   -5.1215078185e-12   -4.2364957029e-12   -1.0653424757e-12   -1.5249775401e-11
  256    6.1729612307e-11    1.1280387215e-11    2.2258484118e-10    1.6486811048e-10
  257    3.5564207829e-12   -2.6448526529e-12    5.1213963626e-12    1.0538790327e-11
  258    5.9737893885e-12    2.3491558091e-12    1.0212514428e-12    1.6879187284e-11
  259    1.8648196052e-12    1.1671797426e-12   -6.7313212296e-13    5.3899454344e-12
  260   -6.7845035145e-13   -6.9426756011e-13    3.5036556989e-13   -2.0329224415e-12
  261   -2.1125341060e-12   -2.4858847619e-12    1.6692350627e-12   -6.4339575334e-12
  262   -8.0050896467e-13    1.9197490819e-13    4.5467796195e-12   -1.6464468677e-12
  263    4.2699246916e-12    7.2162623099e-12    2.6674218390e-12    1.2996784204e-11
  264    1.1864146818e-12    6.1048106674e-13    2.7024927435e-12    2.9899659137e-12
  265    1.2084777623e-13   -8.9703418304e-14    6.0888898090e-12    1.4993822156e-13
  266   -1.8468787697e-13   -1.4647021118e-13    4.2175247669e-14   -4.9253824760e-13
  267   -1.6907135414e-13   -6.2520518276e-14    1.6055256083e-13   -4.2436887338e-13
  268    3.6434171652e-12    3.2278583018e-12    3.7669429208e-12    1.0362658648e-11
  269    1.7347126340e-13    5.9987930422e-13    3.4644993038e-12    8.2794968798e-13
  270    1.0055045338e-11    4.7786388561e-12   -2.3409286662e-12    2.7219503561e-11
  271   -1.2884608636e-11   -2.7163454862e-12   -3.8590489962e-11   -3.7466339059e-11
  272   -2.1260126472e-11   -6.3910428599e-12   -2.7867649161e-11   -5.4611822009e-11
  273   -3.0381738791e-12   -3.0051492978e-12    6.5458142379e-13   -8.9570824716e-12
  274   -1.7536319619e-13   -6.5963293855e-14    2.7461713459e-13   -7.6634532054e-13
  275    1.6149195262e-11   -3.6612899344e-11    1.0006121452e-10    5.5043082939e-11
  276    7.6375251609e-12    7.6612392645e-12    2.5725947414e-11    2.5611485155e-11
  277    3.6306296511e-12    6.6538688079e-12   -2.3070963542e-12    1.1394511419e-11
  278    2.5628921728e-12    1.0318901766e-12   -2.3223805691e-12    7.2863494752e-12
  279   -2.7464142072e-13   -6.2937502432e-14   -3.3537062016e-13   -7.2392092321e-13
  280   -2.2409981856e-13   -1.5176358434e-13    2.4464458237e-13   -6.1090108666e-13
  281    2.8912983119e-13    3.7836053735e-13    3.3755637174e-13    9.1108023903e-13
  282    6.9788510908e-13    1.3257667533e-12    1.6314505085e-12    2.3482483319e-12
  283   -1.6253090453e-13   -1.3619950979e-13    2.1440531642e-14   -4.3376245521e-13
  284   -1.0030257874e-13    2.7044772671e-13    3.1448611076e-12   -2.5949728477e-14
  285   -3.0114300810e-12    1.0576808228e-11   -9.0853156162e-11   -2.2818877864e-12
  286   -6.0018786815e-13   -7.6994617279e-13    2.1795759642e-13   -1.6656780122e-12
  287    3.4351688161e-13    4.8163729949e-13    9.1461213603e-13    1.1846773562e-13
  288    1.0625527368e-11    4.7342073838e-12    2.9535738438e-11    2.9998508885e-11
  289    1.0506144565e-11    5.4454925812e-12   -5.2204254645e-13    3.0087882272e-11
  290   -2.2755408668e-13   -1.8982385108e-13   -1.3977707880e-13   -6.4780819597e-13
  291   -3.2395613969e-13   -1.7894019599e-13    3.2186753263e-13   -8.6163021162e-13
  292    5.6994166331e-13    3.7838916028e-13    5.6307909724e-13    1.5338043335e-12
  293   -1.9704043085e-12    1.2211997337e-11   -3.3014957521e-11   -2.1951420716e-12
  294   -7.1339115171e-13   -9.4501143022e-13   -8.5046553133e-14   -1.9444272581e-12
  295    5.3117900703e-12    1.1314598130e-11    4.9020926207e-12    1.6746803597e-11
  296    1.7183489440e-11    4.0313427509e-12    9.5005427136e-13    4.6194415480e-11
  297    1.7828733281e-11    2.8707617880e-12    7.7705428897e-12    4.6410928919e-11
  298   -1.6944397274e-12   -1.0461857075e-12    8.3073825596e-13   -4.5833059570e-12
  299    5.4394683202e-13    9.3183100125e-13    1.0977885267e-12    1.8553769632e-12
  300    4.1000397522e-12    7.7162998213e-12    1.6582860085e-11    1.3267151266e-11
  301    1.6529943213e-11    3.6212520612e-12    1.9700267459e-11    4.3321167834e-11
  302   -1.0905373826e-12   -9.6872249805e-13    8.5567664065e-13   -3.1078334350e-12
  303   -1.0698837649e-12   -6.5814974998e-13    3.8211583217e-12   -2.9296309302e-12
  304   -5.1376437826e-13   -4.0229625187e-13    2.1402758038e-12   -1.4557010111e-12
  305    4.5628908638e-13    6.5434636876e-13    7.5776143173e-12    1.4455580830e-12
  306   -3.1453268809e-13    4.4155868198e-13    1.6960747043e-12   -4.6990623198e-13
  307   -2.2421300927e-13   -7.6396788201e-14    1.8049103878e-12   -5.5928178755e-13
  308   -2.4471067533e-12    3.5808962132e-11    6.6793523837e-11    8.2986083283e-12
  309   -3.0353920332e-14   -2.9692191089e-14   -2.2484997805e-14   -8.8059822021e-14
  310   -5.5608818873e-13   -5.9308737392e-13    6.7243682410e-13   -1.5193844446e-12
  311   -1.8582297159e-12   -1.8825054363e-12    6.9717495665e-13   -5.2223451258e-12
  312    2.0312224125e-11    1.9986685917e-11   -3.3263946935e-11    5.3863594141e-11
  313   -8.5188800458e-14   -2.0114118704e-13    4.0722286654e-13   -3.4611202793e-13
  314    4.7055415120e-13   -7.4807185186e-14   -9.7903555922e-12    1.5649226706e-12
  315    3.8644413190e-13    2.4930101386e-13   -9.1311127496e-13    1.0697560459e-12
  316   -1.8410918406e-14   -3.2008683898e-14   -6.7698193514e-15   -5.4655932558e-14
  317   -4.3629142454e-15   -1.8379869566e-15    2.8515076760e-14   -1.2581368307e-14
  318   -3.1427416008e-14   -4.2436513288e-14    1.8633423797e-14   -8.8742435709e-14
  319    1.1033665301e-13    9.1182188753e-14   -4.2075728752e-13    3.6531717863e-13
  320    8.0055753693e-14    2.2646598138e-13    1.7552799492e-12    3.4183766928e-13
  321    4.8600211956e-14    5.8836738107e-14   -3.6691253660e-14    1.4774003554e-13
  322    1.9827253039e-13    1.5315794965e-13    4.2266055954e-14    5.3102648621e-13
  323   -1.3556164307e-10   -1.9068178455e-10   -1.7367321080e-10   -4.0608355198e-10
  324    5.4751386046e-11    8.5094917644e-11   -7.1352057645e-11    1.6555803198e-10
  325    4.3976862082e-11    5.9749612281e-11   -5.3737336954e-11    1.0579268538e-10
  326    4.6402841286e-12    4.3535956903e-12   -8.5225928449e-12    1.3253589656e-11
  327    1.8597685359e-12    8.4095570270e-13   -2.9953976475e-12    4.7033701092e-12
  328    1.0659854943e-11    1.6207781645e-11    2.2880471823e-11    3.0902613801e-11
  329   -1.4207463006e-11    3.2443100940e-12   -5.9334412383e-12   -3.4831122145e-11
  330   -1.4157364690e-10   -1.7009527814e-10   -1.6131584837e-10   -4.1565731065e-10
  331   -2.6627299661e-11   -3.6268774184e-11   -3.9426736218e-11   -8.5073323189e-11
  332   -3.0516903024e-15   -6.1328234700e-16    1.3261836036e-15   -5.7858110122e-15
  333   -1.0227391850e-12   -1.0226992864e-12    1.4186169600e-12   -2.8626961912e-12
  334   -4.7991298435e-12   -6.2503301146e-12    4.9447598793e-12   -1.4825828065e-11
  335   -1.1476444794e-12   -6.7086180361e-13    3.0800362261e-12   -3.0846714072e-12
  336   -5.2772673384e-13   -2.2660519294e-13    1.2838546415e-12   -1.3486362634e-12
  337   -4.3342242230e-14   -4.0918887744e-14   -1.3743274370e-14   -1.2384360302e-13
  338   -5.5584876979e-15   -2.9519572550e-15    3.1151296820e-15   -1.3460153131e-14
  339   -9.5543867956e-12   -5.6742978372e-13    3.9353589831e-11   -2.6664545572e-11
  340    7.8772627527e-14    2.9376064840e-14    1.6979676671e-13    2.0238644744e-13
  341    1.1043449141e-12    5.7996381135e-13   -4.4972879587e-13    2.9560728865e-12
  342   -2.8785914624e-12    8.7299169629e-12    2.1932498352e-11   -6.5387348314e-12
  343   -1.8017616479e-12   -1.5657875929e-12   -3.3756834134e-12   -5.1322826197e-12
  344    3.6183323048e-14   -7.4521565676e-14   -2.3830440185e-13    6.5086797714e-14
  345   -2.8010970279e-13   -1.6938186964e-13    2.0177932675e-12   -7.3386999602e-13
  346   -1.0405565298e-12   -3.9413611264e-13    1.1385337118e-12   -2.6769975126e-12
  347    1.5838755546e-12    1.1077988028e-12   -8.7597091988e-13    4.3730443528e-12
  348   -1.5954355892e-12   -1.0578656007e-12    2.9821006775e-12   -4.3445351483e-12
  349   -1.0265161117e-13   -2.6173974012e-13    1.0080217910e-12   -3.5292125125e-13
  350   -1.2764398913e-12   -1.6404544823e-12    7.7971656909e-13   -3.5380622043e-12
  351    4.8943019776e-12   -1.9998612141e-12    4.1025946529e-11    1.3209218441e-11
  352   -2.5808538249e-14   -1.9960649886e-14    8.7595810596e-15   -7.0105813516e-14
  353   -1.6159814372e-12   -2.3273015459e-12    1.4306177770e-13   -5.0065862914e-12
  354   -3.2024036201e-13   -4.3888503942e-13    7.6567224783e-14   -8.2852474881e-13
  355    2.2145979712e-12    2.3398445182e-12   -1.3649000766e-11    7.0611997152e-12
  356    2.7763154189e-13    2.0525378272e-13    5.4138280230e-13    7.6336354772e-13
  357    1.5182308535e-12    3.5718216579e-13   -1.1045003887e-12    4.1081821105e-12
  358   -3.2743995849e-11   -3.1067795824e-11   -7.9931558730e-11   -9.7058140557e-11
  359   -3.2867697279e-14    4.5361949331e-12   -5.6293006823e-12    5.3990655263e-13
  360    4.4500661836e-11    8.5079600916e-11    1.8838518766e-10    1.4303761300e-10
  361    6.3458960309e-13    1.0186955446e-12    2.0677903834e-13    1.8756385334e-12
  362    2.6279858281e-12   -1.5079300655e-14   -6.1965222450e-13    7.1576004672e-12
  363    3.0093245604e-13    3.1077961385e-13    4.8929692763e-12    7.6404854665e-13
  364    2.1891759239e-11    1.5099475056e-11    3.5176500601e-11    6.4847545736e-11
  365    7.8486609573e-12    5.1205517691e-12   -1.0577771298e-12    2.2163799442e-11
  366    5.9880648617e-12    1.7840028500e-12    5.5355152970e-12    1.5727702994e-11
  367   -1.3615064371e-11   -1.3169815824e-11   -3.6067104164e-12   -4.0349865810e-11
  368   -1.0527952072e-14   -1.7042743356e-14    1.3799165627e-14   -3.1029579879e-14
  369    2.2201799427e-11    1.6491379876e-11    2.7239724365e-11    6.5649380029e-11
  370    3.6813130669e-13    3.9857266793e-13    6.1359771431e-14    1.0401905032e-12
  371   -1.0814499036e-11   -8.3660665201e-12   -5.0921029546e-12   -3.1329693180e-11
  372   -3.4965298885e-12   -4.6464006687e-12   -2.9505555985e-12   -1.0880308807e-11
  373    1.4187465222e-12    4.8376081786e-13    1.0585785720e-12    4.2363634302e-12
  374   -7.8826918951e-14    2.8064139554e-13    6.9294830291e-13   -3.5429038175e-13
  375   -1.5684328836e-13   -1.3655060156e-13    1.9421009939e-13   -4.3255937027e-13
  376    2.1398334493e-12    4.0307063243e-12    4.6636999818e-13    6.3701613429e-12
  377   -3.2806678381e-12   -3.0624049303e-12    1.4366327951e-12   -9.4870144726e-12
  378   -7.8318514868e-13   -9.4186746076e-13    1.0994876884e-12   -2.2110412459e-12
  379    1.5801596143e-13    7.8194395403e-14    4.0004458080e-13    3.4879044097e-13
  380    1.4167920309e-14    3.2876045636e-14   -1.9827889330e-15    3.4931259274e-14
  381   -6.3656328472e-14   -1.5546267886e-13    2.3339533431e-13   -1.9216876354e-13
  382    2.2878096986e-13    6.1872463533e-14   -3.0272084752e-13    5.9202119661e-13
  383    1.8699220639e-13    1.8313901285e-13   -5.9486655900e-14    5.2473316016e-13
  384    1.0275255440e-10    1.7821329440e-10   -1.0362677803e-10    3.2045053474e-10
  385    6.1536510615e-12    6.8233837905e-12   -8.2689718216e-12    1.7639649700e-11
  386    4.0965286718e-12    5.7270594517e-12    8.6773244840e-12    1.1618504769e-11
  387   -8.3912087348e-13    3.3990445007e-12    2.4980410102e-11   -6.9153363591e-13
  388   -1.8661554507e-11   -1.1598685554e-11    6.6671234505e-13   -5.3131189552e-11
  389   -2.2708190893e-11   -2.2940196876e-11   -2.8679030468e-11   -6.2537003550e-11
  390   -5.4677182920e-13   -4.6295649606e-13    2.1478218509e-13   -1.4007406346e-12
  391   -4.3005353510e-14   -1.6375559220e-14   -3.0146964296e-14   -1.0967099353e-13
  392   -2.2536660038e-14   -3.0985739148e-14    2.6657929336e-14   -7.2589070171e-14
  393   -8.4189807903e-12   -3.8375752229e-12    5.0188610212e-11   -2.2659329274e-11
  394    1.2088624372e-12    6.3830104396e-13   -5.5670268742e-13    3.1230478273e-12
  395   -3.3134801326e-13   -4.0485827581e-13   -1.5428058137e-12   -9.6611694339e-13
  396   -3.9608941127e-13   -2.1968104419e-13    1.5345953674e-12   -1.0424855423e-12
  397   -3.5794197467e-13   -1.8555469661e-13    1.4327167924e-12   -9.4137458245e-13
  398    1.4160365588e-12    1.4531765548e-12   -5.6618295122e-13    4.0570741211e-12
  399    2.1055258231e-12    1.9992800818e-12   -4.0658448830e-14    6.0246477945e-12
  400   -6.3126199146e-12   -9.1811216832e-12    2.2039834001e-11   -1.9115132545e-11
  401   -1.1303774756e-12   -1.3537111970e-12    9.4009392285e-13   -3.3003077268e-12
  402   -1.1083235024e-13   -2.1660841523e-13    7.6968813267e-14   -3.3254215354e-13
  403    2.1772167402e-13    4.8648585160e-13   -4.5269343829e-14    5.5450088965e-13
  404    1.0181216764e-12    1.2285996331e-12   -4.0528739219e-12    3.2825677940e-12
  405    6.6872288956e-14   -4.5660307132e-14    1.5323204944e-12    1.4060193981e-13
  406    4.3057753543e-12    4.0843517804e-12   -2.8772832641e-12    1.2744149919e-11
  407    1.0503611869e-12    1.5405801634e-12    9.1375518263e-13    3.1073477125e-12
  408    5.8568245739e-12    1.8249077379e-12    7.5138940209e-12    1.5353811972e-11
  409   -3.7103913691e-12   -3.6350952630e-12   -2.0965174041e-12   -1.1025901112e-11
  410    1.5892764535e-12    2.8912480049e-12    9.9496366007e-14    4.8804866398e-12
  411    6.5046058817e-14    1.0996715691e-13    1.4611489102e-13    1.0620497537e-13
  412   -4.7478757037e-12   -5.5206950123e-12    9.9149577437e-12   -1.4310816421e-11
  413   -8.6630962820e-13   -8.7001285625e-13    6.2296955788e-13   -2.4547169852e-12
  414   -1.9355047079e-13   -3.4100901356e-13    6.4591474530e-13   -5.7380489249e-13
  415   -3.1465281769e-13   -3.7080213032e-13    6.9117021134e-13   -8.8815500093e-13
  416    4.7050210950e-12    6.1425369999e-12    7.5612814621e-12    1.3907730870e-11
  417   -1.2096070673e-12   -1.2593450588e-12    1.0191951449e-12   -3.3165987318e-12
  418   -7.8060865064e-13   -1.0841707306e-12    3.3632455545e-13   -2.2250515232e-12
  419   -6.8049413760e-12   -6.0900308234e-12    1.1864139011e-11   -1.9061481560e-11
  420   -6.1504881049e-13   -1.8247382771e-13    1.4647146343e-12   -1.5376172557e-12
  421   -7.6780422298e-13   -3.9716927663e-13    1.9411174057e-12   -2.0298727976e-12
  422    2.4294273190e-12    2.7153719811e-12    6.6824584061e-14    7.2306557443e-12
  423    3.4930964371e-12    3.4688085737e-12    1.5589803753e-12    1.0158561492e-11
  424   -8.7066204940e-13   -7.5752349272e-13    2.4491086242e-13   -2.4123550380e-12
  425    6.6385265340e-14    1.1278131207e-13   -1.3172038601e-13    1.7878060143e-13
  426   -3.0953711816e-13   -4.1982910204e-13    5.5232207696e-13   -9.2620355829e-13
  427    3.9502602578e-12    2.1511629283e-12    5.8745959486e-12    1.0696568631e-11
  428    4.5924375414e-13    6.4830085744e-13    1.4981071939e-13    1.3565468193e-12
  429    2.2873161698e-12    3.8225412419e-12    8.6319840165e-13    6.9687467602e-12
  430   -1.4076500382e-13   -1.9385361372e-13    6.3072463918e-13   -4.0885697605e-13
  431    5.0080425917e-13    7.8583060198e-13    3.9443101563e-13    1.4860335185e-12
  432   -9.8598039455e-13   -9.2287288922e-13    6.1630908710e-13   -2.6359053829e-12
  433   -8.8328129533e-13   -3.7171914852e-13    1.8059950440e-12   -2.2678803280e-12
  434    2.1088495533e-12    2.0666151082e-12    2.7551017023e-12    6.0292690979e-12
  435   -7.6461189810e-15    2.8702062428e-13    1.0932051705e-12    4.0063612150e-13
  436    1.6154831379e-12    2.0397778518e-13    3.8742653156e-12    4.0287961769e-12
  437    1.6343627840e-12    2.1916461701e-12    9.7109820185e-13    4.4471371030e-12
  438   -1.7641573966e-13   -1.6913374997e-13    1.7177599946e-12   -4.4333427988e-13
  439    7.1619273012e-13    8.1087220272e-13    8.1778854522e-13    1.9687203257e-12
  440    6.6411459665e-13    9.2153021325e-13    1.0089012958e-12    1.9885759706e-12
  441   -1.2521832529e-12   -1.0182067862e-12    2.1080758666e-12   -3.2997077293e-12
  442   -5.1981335902e-13   -2.9588310968e-13    9.3569596515e-13   -1.3819292932e-12
  443   -1.5439203735e-12   -1.8437952987e-12    7.8841967677e-13   -4.4414771340e-12
  444    1.3445538086e-13    3.1384031658e-13    1.7104252042e-12    5.3471463368e-13
  445   -2.9148385094e-13   -3.1445852866e-13    4.7926593250e-12   -8.5133636252e-13
  446   -5.3134796910e-13   -5.4729766726e-13    1.6673034481e-12   -1.4134082359e-12
  447    2.4671653609e-12    3.3374709246e-12    5.0481493985e-13    7.0219038917e-12
  448    1.0858683744e-12    1.3683811029e-12    2.5403843525e-12    3.2593780105e-12
  449   -8.1083664089e-13   -6.9034057984e-13    1.1601726524e-12   -2.0999018496e-12
  450    1.1906992319e-12    1.1441689610e-12    5.0326296949e-12    3.6555927556e-12
  451    2.8039202904e-13   -2.0261179887e-13    3.2099548714e-12    5.8499906308e-13
  452   -5.7097555850e-13    2.3663015991e-13    5.9464273783e-12   -1.2493547863e-12
  453    4.3340331324e-13    4.8871497127e-13    2.0301330061e-12    1.3267512089e-12
  454    5.8678062409e-13    6.8302308254e-13    1.2572165531e-12    1.7074119896e-12
  455    3.4304273831e-12    1.9008427644e-12    1.0388929300e-11    9.6628677282e-12
  456   -3.0161203396e-13    3.7980035783e-14    1.7427431026e-12   -6.5652518144e-13
  457   -1.3265048782e-12   -9.0642077177e-13    8.2602882867e-12   -3.7540109910e-12
  458   -5.5685230732e-13    3.0990834898e-15    4.4316737779e-12   -1.3329372328e-12
  459    7.7077233485e-14    7.0485284276e-14    2.9187763317e-13    2.0439205883e-13
  460    3.6037145490e-14   -5.2296665262e-13    3.9980154604e-12   -1.5464452635e-13
  461    1.0001097173e-12   -2.9339204677e-13    9.3302032766e-12    2.4399995913e-12
  462   -5.6307996460e-13    9.9522386859e-13    3.1693302496e-12   -5.6564475326e-13
  463   -4.8885938700e-13   -4.9751197086e-13    3.9366871308e-13   -1.2405762181e-12
  464   -1.2803855198e-12   -1.3921485492e-12    3.8099731703e-13   -3.4230500379e-12
  465    5.6408382739e-13   -7.0508269362e-13    3.6386193537e-13    1.5207711392e-12
  466   -2.4850748629e-12   -3.2984314065e-12    1.0593520419e-12   -7.5916360871e-12
  467   -1.5228755756e-12   -1.3199283246e-12    4.5818470545e-13   -4.2663693758e-12
  468   -2.0924559828e-13   -2.1963388139e-13   -2.8708329117e-13   -6.1487230238e-13
  469    4.0020330799e-12   -1.2406829036e-13    7.4651517606e-12    9.7739819710e-12
  470    3.1590455078e-12    2.5765722021e-12   -1.5976096314e-12    8.8705492604e-12
  471    1.4680175478e-12    1.5979396625e-12    5.6605935217e-13    4.3336983307e-12
  472    3.8140393621e-12    5.5566592994e-12    1.8246584799e-12    1.0683232077e-11
  473    9.8115092440e-14    1.9016906105e-15    1.7350337746e-12    2.7723743440e-13
  474   -6.8199265679e-13   -8.4310163018e-13    4.1267683715e-13   -1.8891832543e-12
  475    1.5117421204e-13    1.8446051978e-13    1.5638879081e-13    3.9267894492e-13
  476   -6.1725364403e-13   -3.3538710004e-13    1.8569165303e-12   -1.6420762319e-12
  477    3.7199068695e-13    2.8563100236e-13    2.0379864449e-12    1.0014141209e-12
  478   -2.7218245019e-13    2.3198478728e-12    3.2859247007e-12    1.1518934678e-12
  479    7.6780248826e-13    1.3344932798e-12   -2.7843699568e-13    2.0850127180e-12
  480   -6.0473327734e-13    2.2601278488e-13    3.8599661661e-12   -1.2944506578e-12
  481    3.6954423896e-13    4.1446815598e-13   -5.9187030277e-14    1.1494269078e-12
  482   -4.4697839180e-13   -2.0260355893e-13    1.0559370218e-12   -1.1624746304e-12
  483   -3.9264251572e-13   -2.0899254549e-13    4.4986583903e-13   -1.0441300602e-12
  484   -4.3388556636e-13   -2.9504442509e-13   -8.1024596754e-15   -1.1116940701e-12
  485   -5.2641918602e-13   -5.9935650193e-13    1.6282795424e-12   -1.4915729242e-12
  486    1.3940055707e-12    2.3914637631e-12    3.5423860026e-12    4.5144799357e-12
  487   -1.4113710201e-14    9.6513237940e-14    1.1046961956e-12    4.3444414732e-14
  488   -1.1097052097e-12   -1.2931569877e-12    1.9068427393e-13   -2.9039687321e-12
  489   -7.9489518266e-13   -9.8041887109e-13    2.7554972464e-13   -2.0653053920e-12
  490   -5.9318977681e-13   -5.8234710457e-13    5.9224858091e-13   -1.8661283456e-12
  491    1.4025152567e-12   -3.5819077196e-13   -1.0950279312e-12    3.9939397276e-12
  492    1.5942568988e-12    3.4839096668e-13   -1.4791738255e-12    4.7070144006e-12
  493    2.4593226761e-12    1.0314986712e-12    5.8799753261e-12    6.7125541237e-12
  494    1.2287549450e-12    1.9996599862e-12    2.9553824665e-12    3.9007321678e-12
  495    1.0532737876e-12    6.5216495398e-13    2.3055515830e-12    2.7363875055e-12
  496    1.2711255659e-12    1.5667779574e-12   -1.6844598633e-14    3.4898819945e-12
  497   -5.1404453610e-13   -6.3029789721e-13    1.4905325238e-12   -1.5628245226e-12
  498   -1.6333852673e-13   -1.8602784244e-13    1.3843249463e-12   -4.6742384269e-13
  499   -5.8263203290e-13   -7.1141053118e-13    5.6960556064e-13   -1.6303972061e-12
  500    5.3671997402e-13    8.5914912337e-13    2.5228430456e-13    1.4200932097e-12
  501    2.9485094921e-13    5.4432044809e-14    3.6489214428e-13    6.5575062741e-13
  502    3.3704723040e-12    6.2484097757e-12    6.6662161902e-12    1.2177897579e-11
  503    3.1194317962e-13    7.5402184496e-13   -5.5011464134e-13    9.7939711896e-13
  504   -2.9784508193e-13   -2.1910251391e-13    4.8253068208e-13   -8.2567286341e-13
  505    5.2079607987e-13    1.8772327443e-12    1.2849557356e-11    2.2354540094e-12
  506    2.4721891201e-13   -2.7138724211e-13    1.9473901658e-12    4.4774600694e-13
  507   -6.2882685170e-13   -8.0937947317e-13    1.0917829141e-13   -1.6536112757e-12
  508   -7.6692992235e-13   -8.5597479625e-13    2.2444199277e-13   -2.0490033281e-12
  509   -2.3325091858e-14   -8.6276363657e-14    1.3058130965e-13   -5.1906048903e-13
  510    8.8771611589e-13    4.5756296972e-13   -5.7031969750e-13    2.5734298590e-12
  511    4.9711953304e-12    3.2299423552e-13    1.2016556153e-11    1.2578917075e-11
  512    2.2679744367e-12    1.7079026995e-12    4.3776505858e-12    6.1732112477e-12
  513    5.9382707085e-13    5.8550039816e-13    1.4251490613e-13    1.4332909859e-12
  514   -1.1672832839e-12   -8.8743205492e-13    2.3468969823e-12   -3.1952912538e-12
  515    2.4568454909e-13   -1.4677278490e-13    2.8995902901e-14    4.3332872013e-13
  516    9.0038653616e-14    1.9309835848e-13    7.3811031072e-13    3.2922948222e-13
  517    2.2444563569e-12    4.0061703954e-12   -3.6060130576e-13    6.3862665156e-12
  518   -4.0506487053e-13   -1.9777582350e-13    6.9133587743e-13   -1.0681178164e-12
  519   -2.7980395778e-13   -4.4412563904e-13    1.3604395388e-13   -7.8232385847e-13
  520   -3.8629169308e-13   -4.5538919857e-13    9.7408192623e-14   -9.6514463088e-13
  521   -5.7834943432e-13   -5.5508072097e-13    2.0569049936e-14   -1.6554502994e-12
  522    6.1847613619e-13    2.1841008819e-13   -6.4896200393e-13    1.7941955430e-12
  523    9.0454336729e-13    2.1787660651e-12    6.8774712488e-12    3.1850529159e-12
  524    5.2751444705e-13    4.5462071607e-13    1.5110681803e-12    1.4410811953e-12
  525    6.7023383371e-13    6.8320696323e-13    4.8302160882e-13    1.9464707623e-12
  526   -5.2070153744e-13   -2.8294293991e-13    9.4864394118e-13   -1.3855167014e-12
  527   -2.4235388002e-13   -3.5480559463e-13    3.8903776034e-14   -6.6349009620e-13
  528   -2.4590442529e-13   -3.9814961224e-13    2.6672484750e-14   -6.6636561720e-13
  529   -2.8171432201e-13   -2.4540525861e-13   -1.0689965081e-13   -7.8893358860e-13
  530    7.9704434242e-13    3.9143368451e-13   -5.4169147466e-13    2.2681105041e-12
  531   -4.1980308119e-13   -3.5027362955e-13    5.5272106336e-13   -1.1908807274e-12
  532   -8.2747177166e-14   -1.1592896781e-13    6.9065413111e-14   -2.2246787745e-13
  533   -1.9852869348e-13   -3.6300649986e-13   -2.4363323858e-14   -5.9479938336e-13
  534    5.1654427263e-14   -3.1527948655e-14    1.1114308258e-13    4.8641646266e-14
  535   -6.5999983256e-13   -5.4501021751e-13    6.1684338193e-13   -1.8600121443e-12
  536   -1.8563059076e-13   -1.9540163758e-13    9.0108042555e-15   -5.0849602307e-13
  537   -3.2420940932e-13   -1.5455258601e-13    4.9692411644e-13   -8.4807855183e-13
  538   -4.3615458467e-13   -3.4142653982e-13    1.5615425619e-12   -1.2318479570e-12
  539   -5.0894575013e-13   -1.6485050087e-13    3.5190025807e-13   -1.2397229510e-12
  540   -5.4182049472e-13   -5.1656530616e-13    3.8803490213e-13   -1.4742410851e-12
  541   -1.6965031810e-13   -2.1433229540e-13    1.0830279815e-13   -4.7022867371e-13
  542    1.8695808790e-12    7.2756948036e-13    2.5841342954e-12    4.9301812632e-12
  543   -1.5276642798e-12    3.3607405053e-13    3.8309615896e-12   -3.2418373541e-12
  544   -1.5781017985e-13   -7.2557064523e-13    1.8867451004e-12   -8.8047407906e-13
  545   -5.2333658240e-13    2.0925015193e-13    2.4242292201e-12   -1.0883655088e-12
  546   -3.6834771344e-13   -1.1536778477e-14    1.4320272398e-13   -8.7765211765e-13
  547   -1.9036335008e-13   -2.9829654372e-13    5.0634236387e-13   -5.4700775159e-13
  548   -4.9940346997e-13   -6.4271504785e-14    7.4483127999e-13   -1.1809789258e-12
  549   -1.9154816622e-13   -6.4153543589e-14    2.6612045900e-13   -4.8022696930e-13
  550    6.9474851219e-13    8.9509693060e-13    2.2711723995e-12    2.2375374123e-12
  551    2.8956698150e-13    2.7768586042e-13    5.2340076717e-14    6.5204786015e-13
  552   -7.3800340838e-13   -7.2527574224e-13    2.2344764927e-12   -2.1670165662e-12
  553   -1.4234134704e-12   -6.3237262649e-13    5.0294976517e-12   -3.5447061952e-12
  554   -2.6237378156e-13   -1.6171536766e-13    1.6663645290e-15   -6.3771752636e-13
  555   -1.4998419173e-14   -2.5635743528e-14    5.8925087032e-13   -3.3952007872e-14
  556   -2.9015678749e-13   -1.3587655306e-13    1.6436678407e-13   -7.5893458185e-13
  557    3.4361836293e-14    4.7968703662e-13    9.9151806557e-13    3.8977718622e-13
  558    6.7801450218e-13   -3.0136049906e-14    2.7004826327e-12    1.6431083924e-12
  559   -1.0627401736e-12    4.7667512298e-13    8.7820375971e-13   -2.1216240570e-12
  560   -3.3286535420e-13   -5.3698961510e-13   -1.7411582159e-14   -9.0665821205e-13
  561   -9.2134980201e-13   -4.6491803463e-13    6.3509267290e-13   -2.4377652674e-12
  562    2.9102371554e-13   -1.7040665753e-13    1.8045231108e-12    6.2030372158e-13
  563   -6.9623473653e-13   -2.9394542356e-13   -1.3346268535e-13   -1.8255397194e-12
  564   -6.3047223692e-13   -4.2386667093e-13    1.6301023031e-13   -1.7335690175e-12
  565   -3.6458639927e-13   -2.4051203737e-13    4.7763290718e-13   -9.8864579717e-13
  566   -5.1740209339e-13   -4.6147807797e-13    3.9490632986e-13   -1.4876155863e-12
  567   -1.8236939736e-12   -1.9000946649e-12    8.7649332237e-13   -5.4154042362e-12
  568   -7.3192493732e-13   -8.2654326092e-13    4.7434625672e-13   -2.2045733294e-12
  569   -9.3725027739e-13   -5.3593934846e-13    4.6536385856e-13   -2.5067448117e-12
  570   -1.6995970603e-12   -1.4169160636e-12    2.2368183694e-12   -4.7422066274e-12
  571   -1.0972195374e-12   -1.0785226878e-12   -6.1785992989e-13   -3.2387842408e-12
  572   -8.8053175862e-13   -1.0937396822e-12   -6.0793731160e-13   -2.7266661151e-12
  573   -2.6988290075e-12   -3.2805485758e-12    4.7314686891e-12   -8.1685769260e-12
  574   -7.0494998727e-13   -4.4098925900e-13   -6.1519192518e-13   -1.9352575098e-12


----- Finite Difference of residual -----
Node #      dR/dB               dR/dB                  dR/dB               dR/dB
    0   -4.6870686585e-05   -3.3009267560e-05   -1.6642839010e-05   -1.3148191737e-04
    1   -1.5374862299e-06   -6.2957282239e-07    1.0554970729e-07   -3.8064842077e-06
    2   -6.5317543041e-07   -3.7268390994e-07   -2.9128344973e-08   -1.5922332897e-06
    3   -3.8473347772e-07   -8.2731258029e-08   -3.7277157679e-09   -8.0183039028e-07
    4   -2.5773437204e-07   -6.7819355224e-09    4.4776533284e-08   -4.7148483034e-07
    5   -1.5944385569e-07    9.0651773121e-08    4.7236647306e-08   -1.8803318277e-07
    6   -1.3054010997e-07    1.1404077213e-07    5.5467224103e-08   -1.1553692031e-07
    7   -1.1164788712e-07    1.3233491985e-07    5.1122749764e-08   -6.7832024719e-08
    8   -1.1385207013e-07    1.2698223490e-07    4.4866361128e-08   -8.1484298475e-08
    9   -1.0987738497e-07    1.2575242670e-07    3.9489573856e-08   -7.9979425860e-08
   10   -1.1497421938e-07    9.6304066330e-08    5.8026110636e-08   -1.1898034641e-07
   11   -1.4181100142e-07    5.5037402527e-08    4.9857638295e-08   -2.0311660340e-07
   12   -1.2573697576e-07    8.1124945277e-08    1.9444301990e-08   -1.5234643110e-07
   13   -1.1256295375e-07    8.8177530061e-08    2.1523014016e-08   -1.2570023147e-07
   14   -1.1486471496e-07    7.6538983434e-08    1.9116839053e-08   -1.4146019425e-07
   15   -1.1453132279e-07    6.3812629980e-08    1.6679205285e-08   -1.5390032998e-07
   16   -1.1426840377e-07    4.9187596323e-08    1.4647181715e-08   -1.6704086031e-07
   17   -1.0685273196e-07    5.0907408578e-08   -3.0143844303e-08   -1.5225613739e-07
   18    6.4340026362e-07    6.9196260431e-07    2.3176939019e-07    1.9092388261e-06
   19   -1.4340254244e-07    8.3603515882e-08   -1.4749737923e-07   -2.3230441008e-07
   20   -6.8208242873e-08    1.5697082891e-08    2.7383897558e-09   -1.1509673423e-07
   21   -3.6560381458e-08    4.2979312276e-08    5.0649309169e-08   -3.8421956589e-08
   22   -6.6071280391e-09    6.0957449204e-08    1.0830369093e-07    3.0110462734e-08
   23    7.2106085209e-07    6.7787643475e-07    2.4568951271e-07    2.0484942952e-06
   24    3.2767175475e-06    2.6223984002e-06   -4.5978467107e-07    9.1868049626e-06
   25    3.3907761581e-06    3.5992950551e-06   -1.3151559547e-06    1.0132418586e-05
   26    5.2771437394e-06    1.1281880090e-06   -4.2090156518e-06    1.4084560341e-05
   27    3.1780849653e-06    3.4300673314e-06   -2.6454451524e-06    9.9350302291e-06
   28    7.3989962377e-06    2.6109808472e-06   -6.3146286948e-06    2.1656326905e-05
   29    7.1877074605e-06    1.5249484948e-06   -4.5394975290e-06    2.1075580517e-05
   30    6.1120336223e-06   -4.3787389384e-08   -2.2985207807e-06    1.7950027315e-05
   31    8.9454973377e-06   -1.2695602473e-06    5.3378462136e-07    2.7515750095e-05
   32    1.0701186031e-05    1.2129815127e-05    3.2744858020e-07    3.4157438163e-05
   33   -8.5374686921e-08    1.9353764396e-05   -1.8877550915e-05    2.1245472829e-06
   34   -1.1304175911e-05    2.9801514116e-06   -3.2591331833e-05   -3.3637467811e-05
   35   -2.4259160219e-05   -1.4049006402e-05   -7.6753178466e-05   -7.8420408188e-05
   36   -7.2619774599e-05   -6.3325713119e-05   -1.4717286701e-04   -2.2693630007e-04
   37   -1.2456102447e-04   -1.4931586281e-04   -1.6350831705e-04   -3.8756542246e-04
   38   -1.1491113725e-04   -1.6121953598e-04   -1.3895496298e-04   -3.6782009296e-04
   39   -1.1413753406e-04   -1.7184720750e-04   -3.1904018357e-05   -3.6193312236e-04
   40   -1.9614944489e-04   -3.9258483539e-04   -1.2664083854e-04   -6.9081486083e-04
   41   -3.3945525210e-04   -6.0111828629e-04   -1.8935136624e-04   -1.1042270570e-03
   42   -3.8618990120e-01   -3.8317682937e-01   -3.2122111990e-03   -1.0905297165e+00
   43   -8.1643288050e-04   -1.9940507032e-03    3.9994902421e-04   -2.9487491875e-03
   44    3.8364730704e-01    3.9008325452e-01   -1.0983301314e-02    1.0817823660e+00
   45    2.2638507171e-04    1.5312192930e-04   -5.4108016868e-04    5.9167644037e-04
   46    1.3945834938e-04    9.8709100757e-05   -3.0366495586e-04    3.6851013994e-04
   47    8.2798115694e-05    6.6033963922e-05   -1.4677931659e-04    2.2158973658e-04
   48    5.3982392935e-05    2.7319059641e-05   -8.3277138720e-05    1.3658252067e-04
   49    2.8226802406e-05    1.8422498703e-05   -3.8452235763e-05    7.4971033071e-05
   50    1.6594830978e-05    1.0612469536e-05   -2.1801320125e-05    4.4175268912e-05
   51    8.5421399771e-06    5.8505606263e-06   -1.3532533740e-05    2.3352982959e-05
   52    5.5175525607e-06    2.3442695268e-06   -9.3996666800e-06    1.4193680953e-05
   53    2.7905846037e-06    9.2030833604e-07   -3.7999727266e-06    6.9145860912e-06
   54    1.7048894848e-06    1.0374511758e-06   -1.4569741897e-06    4.5037758245e-06
   55    1.7595083376e-06    1.4447896991e-06   -1.3060882806e-06    4.8967581156e-06
   56    1.1020307930e-06    5.8674794831e-07   -9.3658544631e-07    2.8180864760e-06
   57    7.0493808815e-07    1.5897532047e-07   -8.1181052210e-07    1.6462043317e-06
   58    4.2500291481e-07   -2.7195421187e-07   -1.3150355574e-06    7.7372786997e-07
   59    2.1197995616e-07   -3.6246024556e-07   -1.1991025984e-06    2.2073705711e-07
   60    5.6449636632e-07   -3.5150849495e-07   -1.6131121775e-06    1.0675531639e-06
   61   -9.0403162387e-07    1.6446139638e-06   -1.3121432872e-06   -1.3749223114e-06
   62    0.0000000000e+00    0.0000000000e+00    0.0000000000e+00    0.0000000000e+00
   63    0.0000000000e+00    0.0000000000e+00    0.0000000000e+00    0.0000000000e+00
   64    0.0000000000e+00    0.0000000000e+00    0.0000000000e+00    0.0000000000e+00
   65    0.0000000000e+00    0.0000000000e+00    0.0000000000e+00    0.0000000000e+00
   66    0.0000000000e+00    0.0000000000e+00    0.0000000000e+00    0.0000000000e+00
   67    0.0000000000e+00    0.0000000000e+00    0.0000000000e+00    0.0000000000e+00
   68    0.0000000000e+00    0.0000000000e+00    0.0000000000e+00    0.0000000000e+00
   69    0.0000000000e+00    0.0000000000e+00    0.0000000000e+00    0.0000000000e+00
   70    0.0000000000e+00    0.0000000000e+00    0.0000000000e+00    0.0000000000e+00
   71    0.0000000000e+00    0.0000000000e+00    0.0000000000e+00    0.0000000000e+00
   72    0.0000000000e+00    0.0000000000e+00    0.0000000000e+00    0.0000000000e+00
   73    0.0000000000e+00    0.0000000000e+00    0.0000000000e+00    0.0000000000e+00
   74    0.0000000000e+00    0.0000000000e+00    0.0000000000e+00    0.0000000000e+00
   75    0.0000000000e+00    0.0000000000e+00    0.0000000000e+00    0.0000000000e+00
   76    0.0000000000e+00    0.0000000000e+00    0.0000000000e+00    0.0000000000e+00
   77    0.0000000000e+00    0.0000000000e+00    0.0000000000e+00    0.0000000000e+00
   78    0.0000000000e+00    0.0000000000e+00    0.0000000000e+00    0.0000000000e+00
   79    0.0000000000e+00    0.0000000000e+00    0.0000000000e+00    0.0000000000e+00
   80    0.0000000000e+00    0.0000000000e+00    0.0000000000e+00    0.0000000000e+00
   81    0.0000000000e+00    0.0000000000e+00    0.0000000000e+00    0.0000000000e+00
   82    0.0000000000e+00    0.0000000000e+00    0.0000000000e+00    0.0000000000e+00
   83    0.0000000000e+00    0.0000000000e+00    0.0000000000e+00    0.0000000000e+00
   84    0.0000000000e+00    0.0000000000e+00    0.0000000000e+00    0.0000000000e+00
   85    0.0000000000e+00    0.0000000000e+00    0.0000000000e+00    0.0000000000e+00
   86    0.0000000000e+00    0.0000000000e+00    0.0000000000e+00    0.0000000000e+00
   87    0.0000000000e+00    0.0000000000e+00    0.0000000000e+00    0.0000000000e+00
   88    0.0000000000e+00    0.0000000000e+00    0.0000000000e+00    0.0000000000e+00
   89    0.0000000000e+00    0.0000000000e+00    0.0000000000e+00    0.0000000000e+00
   90    0.0000000000e+00    0.0000000000e+00    0.0000000000e+00    0.0000000000e+00
   91    0.0000000000e+00    0.0000000000e+00    0.0000000000e+00    0.0000000000e+00
   92    0.0000000000e+00    0.0000000000e+00    0.0000000000e+00    0.0000000000e+00
   93    0.0000000000e+00    0.0000000000e+00    0.0000000000e+00    0.0000000000e+00
   94   -1.7337520308e-05   -1.9738186779e-05    4.5083606987e-05   -5.1425010084e-05
   95   -7.1230521481e-06   -7.2157904651e-06    1.1294524344e-06   -2.1061555278e-05
   96   -1.1004981648e-05   -1.2755005385e-05    2.3397395132e-05   -3.3604473371e-05
   97   -5.0679642774e-06   -2.1320445409e-06    9.5185448065e-06   -1.3051565037e-05
   98   -5.0279268596e-06   -6.4379881634e-06    1.2151612182e-05   -1.4924962308e-05
   99   -2.7049282952e-06   -4.7545159406e-06    6.7407711357e-06   -7.6821014827e-06
  100   -6.7928024317e-05   -3.9643913152e-05    2.9546851077e-04   -1.8176418703e-04
  101    9.2342800073e-07    5.6676885407e-07    9.2937463281e-06    2.2974677716e-06
  102   -1.2158607454e-05   -7.0957822951e-06    1.6348866705e-05   -3.2587543775e-05
  103   -4.5987259140e-06   -6.0202927712e-06    7.7855256964e-07   -1.3321878323e-05
  104   -5.7033462154e-05   -6.9951106539e-05    1.8850887431e-04   -1.9762564848e-04
  105    8.9673586482e-06    1.9176940580e-04    1.4423140677e-04    8.8699466608e-05
  106   -3.9026971216e-06   -4.9936888392e-06    4.1731268235e-06   -1.1207455049e-05
  107   -1.0641208401e-04    6.1720351052e-05    2.1205164361e-04   -3.5491120459e-04
  108   -1.1804192064e-04   -1.3523867356e-05   -1.1544028212e-04   -2.9764553235e-04
  109    2.4851079311e-07   -1.4811524403e-06    6.8045461945e-06    1.7453757623e-07
  110    2.0525248168e-07    1.0079285497e-07    1.5898480449e-06    7.3712737303e-07
  111   -7.1686268575e-07   -8.8439170809e-07    8.3834428657e-07   -1.9871661283e-06
  112   -1.7851069418e-04   -2.1800844062e-04   -2.8740602780e-04   -5.3278545313e-04
  113   -3.4016453527e-08   -4.3224260705e-09    4.8249669065e-07   -1.3678582599e-07
  114   -3.6238444564e-07   -5.3752995436e-07    1.8565976257e-07   -1.0114752460e-06
  115    7.0406354358e-07    2.5876731178e-07    1.0984225682e-06    2.0105835399e-06
  116   -2.5344570193e-06   -6.3334667372e-06    2.0114890656e-05   -1.0240072679e-05
  117    6.5404827414e-06    5.3022029042e-06   -1.3265238314e-06    1.8091392506e-05
  118    5.9423223720e-07    1.0125621587e-06    5.2050432107e-07    2.2008116900e-06
  119    3.1760878649e-06    3.9080576882e-06    8.1480308611e-06    9.5787787424e-06
  120    1.3087748997e-06    1.3081457914e-06   -1.6965994039e-06    3.8175168457e-06
  121    6.6126596386e-06    7.1254308877e-06   -2.1998375344e-06    1.8750231402e-05
  122    3.4950774913e-06    3.5689333433e-06    1.3461705708e-05    1.0232769493e-05
  123   -8.2024057685e-06   -4.2517898924e-06   -6.4221197804e-07   -2.1777258816e-05
  124   -3.9138831065e-06   -1.8089627019e-05    1.8184629150e-05   -1.9363885495e-05
  125    1.2552612675e-03    1.8694341547e-03    3.2924968840e-03    4.0063148457e-03
  126   -1.4281384625e-03   -2.4349540591e-03   -1.7338178202e-03   -4.2368036596e-03
  127    1.0557312841e-03    2.3627181248e-03    2.0859311110e-03    3.3133313256e-03
  128    1.9015561695e-05    2.5909014517e-05    1.3329582663e-05    5.3426117697e-05
  129    1.1125031322e-03    2.1425565282e-03    8.9335365928e-04    3.4009893946e-03
  130   -1.3894956420e-04   -6.2905498681e-05   -6.8067719281e-04   -4.0538425888e-04
  131    1.2583684095e-07    9.0764147500e-07   -3.9066614527e-05    4.5194403775e-06
  132    4.4920358665e-05    1.5402879493e-04    6.0002159491e-05    1.5839890163e-04
  133    1.6417501473e-04    2.2884390346e-04   -3.9678802344e-04    4.9281195444e-04
  134    1.3203604876e-05    1.4645715196e-05    1.6509016376e-06    3.4670322169e-05
  135    5.1124372747e-05   -1.3084405521e-05   -1.5780691857e-04    1.0802791170e-04
  136    4.2332185934e-07   -5.1553813302e-09   -5.7640681507e-06    1.4287974016e-06
  137    3.8570687443e-05    5.8145025253e-05    9.8386273087e-06    1.0333876116e-04
  138    1.2000551377e-06    1.9895001445e-07   -5.8660953699e-06    3.3671644032e-06
  139   -4.9660317091e-05    7.4047337272e-05    3.3940515329e-06   -1.4552560545e-04
  140   -1.2136548103e-03   -2.0525114724e-03   -2.7924401940e-04   -3.4441591679e-03
  141    1.4967888040e-06    1.0338951917e-06    1.3543888233e-05    4.0986658512e-06
  142    1.6108370300e-05    6.3909123423e-06   -4.2931420629e-05    4.2741408930e-05
  143    2.3071475286e-06    3.7057162894e-07    7.7431810963e-06    5.8032745276e-06
  144   -3.5593056280e-07   -3.1329799866e-06    6.6388561315e-06   -2.5091734246e-06
  145   -1.2374373314e-03   -1.4248890151e-03   -2.1156566444e-03   -3.5107864371e-03
  146   -3.3408519007e-06   -8.5573909070e-07    2.9868989226e-06   -8.4091761332e-06
  147   -6.5268543608e-05   -8.7295687172e-05    9.1054240970e-05   -2.0111703318e-04
  148   -6.4143135248e-06   -1.5083767568e-06    6.0562665993e-06   -1.5993872893e-05
  149   -6.6981403063e-06   -3.1013169463e-07    6.8149791366e-05   -1.5731253106e-05
  150    3.9702627037e-06    3.4806231790e-06   -6.0217456022e-07    1.1024271231e-05
  151    6.4765265362e-06    5.1978603713e-06    3.9446873231e-07    1.7793424476e-05
  152   -4.5408121707e-06   -4.2728667826e-06    2.9892754938e-07   -1.2962131368e-05
  153    5.3091385455e-06   -5.8043847506e-08    8.0857699009e-05    1.0185827876e-05
  154    1.3502345943e-05    1.0430975203e-05   -6.6507086297e-06    3.7527116831e-05
  155   -2.8318666856e-05   -2.7009844014e-05    3.6695924077e-05   -8.1991913259e-05
  156    9.3194976205e-06    9.7255881191e-06   -2.3858394982e-06    2.7367224426e-05
  157    1.9724673284e-07   -2.3791732473e-08    4.2301231962e-07    4.0413852820e-07
  158   -2.0019957914e-05   -2.6474412940e-05    1.9363260995e-05   -6.2041205506e-05
  159   -8.9633595685e-07   -1.0496318441e-06   -1.9913714774e-06   -2.6489921368e-06
  160    3.6882892573e-05    5.0437900384e-05    7.9864326957e-06    9.8428522277e-05
  161    1.1863825894e-05    7.5483803236e-06    7.0752119441e-05    3.4238653579e-05
  162   -4.7625705463e-06   -5.4693445953e-06    9.0089741223e-06   -1.3316518027e-05
  163   -1.3249124020e-06    1.5304294290e-06   -1.8793300249e-06   -3.2976399389e-06
  164   -1.9809674734e-06   -1.3535093185e-06    7.9311557322e-07   -4.9048959339e-06
  165   -4.5936518478e-06   -6.1742061117e-06    2.4727442316e-06   -1.2477553712e-05
  166   -3.4303029167e-06    1.4214801211e-06    5.3924085249e-06   -6.8066819542e-06
  167   -9.9424635192e-06   -5.7122579236e-06    2.3791801862e-05   -2.6603788617e-05
  168   -3.4121316883e-06   -2.4061460289e-06    9.9286551203e-06   -9.3436369752e-06
  169   -2.9468615048e-06   -4.9769715259e-06    5.8018477175e-07   -9.9364223446e-06
  170    1.9829693443e-05    4.6139461609e-05    7.8444707327e-04    8.0747214470e-05
  171    5.3181240336e-04    2.8594337510e-04    5.4056348644e-04    1.5572026481e-03
  172    4.3490302158e-03    6.6561553491e-03    7.9745899727e-03    1.3705673610e-02
  173   -3.7049121583e-04   -3.1845241654e-04   -6.1359758637e-04   -1.0582063698e-03
  174   -1.0074006787e-06   -6.1635890619e-07    2.3893227349e-07   -2.5764340748e-06
  175   -3.9845826291e-05   -3.2383430789e-05   -6.9046621719e-05   -1.1048121619e-04
  176    5.6913740214e-06   -9.5900891395e-06   -3.1547798228e-05    1.1059425944e-05
  177   -3.0921445959e-08   -6.9600358463e-09    1.4147754149e-08   -6.4130558503e-08
  178    5.5569437940e-06    1.9177628235e-06    6.0128985124e-06    1.4900233825e-05
  179   -4.3080637798e-06   -4.8961610591e-06    2.5596202675e-06   -1.1993540926e-05
  180   -1.4570376156e-07   -1.7118034421e-07    3.0106125926e-08   -3.8581117467e-07
  181   -4.7622496224e-08   -5.3516219234e-08   -2.1137605555e-08   -1.2378119363e-07
  182    1.7983745732e-05    1.6853324021e-05    7.6619347802e-07    5.0458198275e-05
  183    1.5201446872e-05    7.9771638514e-07    2.2562420682e-06    3.5914257679e-05
  184    4.8819834893e-07    5.4474016986e-07   -1.3768283388e-07    1.4149749081e-06
  185    1.2444602640e-05    8.7115687927e-06    3.3333071546e-05    3.3315281957e-05
  186    1.5707428847e-05    1.1559258867e-05   -1.3073410491e-05    4.5766986121e-05
  187    6.8276981291e-07    8.3110926995e-07   -5.7460546737e-08    2.0342083053e-06
  188    2.1321968063e-04    4.1513634978e-04   -5.4412613304e-04    8.5849662448e-04
  189    2.2045969000e-04    2.4810471494e-04    1.2603596541e-03    7.0137425381e-04
  190    1.0833832139e-03    1.3787236424e-03    3.2910966270e-03    3.3495207042e-03
  191    2.3309536037e-04    1.6800860003e-04   -3.5112092336e-04    5.5303592387e-04
  192    8.4097909436e-06    2.4973146923e-06   -1.6658310236e-05    2.1657036787e-05
  193    3.0826025326e-06    1.7554339059e-06   -7.8166856668e-06    8.5124312113e-06
  194    1.2670654456e-05    1.8683023878e-05    2.1919326163e-05    3.8049216555e-05
  195    5.8447577290e-07    2.8799824938e-07   -2.9123428793e-06    1.7108054340e-06
  196    2.7470560549e-06    4.4470503668e-06   -1.8728074647e-06    7.8279396853e-06
  197    6.4188888579e-07    4.6848375873e-09   -2.2657584630e-05    2.9063524590e-06
  198    3.7041897327e-06   -5.3087569063e-06    6.8919037144e-05    7.1996575368e-06
  199   -3.1369167246e-04   -1.8738157076e-04   -6.3032949086e-04   -9.0310506469e-04
  200    4.7284727674e-04    5.2570976435e-04   -1.0607528311e-04    1.4850949745e-03
  201    1.4287839575e-05    1.0244767274e-05   -1.0045043681e-05    4.1978118572e-05
  202    3.1980329843e-05    2.6654416521e-05    1.9062737500e-05    8.9221963151e-05
  203    2.3501465531e-05    2.0918366323e-05    1.0681169491e-06    6.5179450379e-05
  204   -1.3996928616e-05   -1.1319660487e-05    2.8532176621e-05   -3.9344916214e-05
  205   -3.4448745939e-06   -2.3304014968e-06    1.0385607305e-05   -9.4006052942e-06
  206    8.7253143079e-06    7.5862471687e-06   -7.9588229453e-06    2.5847418281e-05
  207   -1.1271114250e-05   -1.3169263856e-05    4.2761714308e-06   -2.9670953194e-05
  208    3.7791447489e-05    5.6043442456e-05    1.4186362805e-04    1.3597945686e-04
  209    3.6025317712e-04    1.0511260265e-04    1.4117837541e-04    9.8460763848e-04
  210   -1.2327920802e-05   -1.6791171318e-05    9.9019035159e-06   -3.4688983457e-05
  211    6.8904083828e-07   -2.9265262089e-06    2.0721766317e-05    2.4544602462e-07
  212   -1.1369865553e-06   -1.0493450726e-06    6.7147947359e-07   -3.1801980754e-06
  213    8.0067159500e-06    6.2337483266e-06    2.3867856476e-05    2.3188924739e-05
  214   -3.5344590516e-03   -6.3553187384e-03   -1.2022320838e-03   -1.1252957629e-02
  215   -3.3572737635e-04    9.8637471888e-06   -1.0464947268e-03   -7.2827480320e-04
  216   -6.1083516717e-07   -7.0594246594e-07   -1.7171594008e-07   -1.7172981787e-06
  217   -4.1520519661e-05   -5.4818951570e-05   -3.3654763004e-06   -1.3040591176e-04
  218   -4.1080715218e-05   -7.8365510695e-05   -2.8999255254e-04   -1.2753282805e-04
  219   -1.4456652834e-06   -1.0933560914e-06    2.6425816051e-07   -3.9221943293e-06
  220   -1.4282412059e-07   -1.5973225347e-07    1.2736014500e-07   -4.1784501206e-07
  221   -4.3157751678e-07   -7.2329241121e-07    3.5757421329e-07   -1.2609184530e-06
  222    3.4056173897e-04   -1.2950810129e-05    2.4525837687e-04    8.6019098745e-04
  223    1.2765559009e-05    1.6204640711e-05   -4.3102847680e-06    3.8705661939e-05
  224    4.5917637097e-06   -6.2016093216e-08    2.1093221028e-05    1.1431834483e-05
  225    5.6110756232e-05    2.0809027244e-05   -2.1747547339e-05    1.5362974348e-04
  226    8.5102064284e-07    1.3865167695e-06    3.9032579252e-07    2.7057913202e-06
  227    1.3677575836e-04    2.5490251132e-04   -1.5849166557e-04    4.4005846276e-04
  228    1.6023645084e-04    7.9320611494e-05    5.0383598118e-04    5.0676560821e-04
  229    6.5633409731e-04    5.8466232994e-04    2.6328538178e-03    2.2130794289e-03
  230    1.3812438172e-04    3.5004513922e-04   -5.5846271184e-04    1.9641769114e-04
  231    1.6957485763e-05    2.4028539575e-05    1.0179530829e-05    4.8749199122e-05
  232   -1.6803919367e-05   -9.9866653575e-06   -7.2595080988e-05   -4.0013647777e-05
  233   -2.4703994818e-05   -2.0890390112e-05   -3.8833901101e-05   -7.0815525752e-05
  234   -9.8033985443e-05   -9.1399327343e-05   -8.0250389667e-05   -2.8816716374e-04
  235   -8.7422150655e-04   -7.3748871701e-04   -1.9474745698e-03   -2.1970769672e-03
  236    6.3561102995e-05    1.3078566008e-05   -2.4211342566e-05    1.7034262022e-04
  237    1.2581619774e-05    7.3907676854e-06   -7.5867871013e-06    3.5864341011e-05
  238    2.0734813606e-06   -1.4707343416e-06    1.8024496826e-05    4.0203344126e-06
  239    2.0483016325e-05    1.9755547025e-05    2.5557689645e-05    5.9460110446e-05
  240   -1.0907108550e-05   -9.2384719395e-06    1.3045883818e-05   -3.1086661023e-05
  241    2.0848600624e-06   -1.2921920478e-05    3.1870443784e-05   -2.2538221289e-06
  242    8.2520795752e-08    1.8067665419e-06    1.2246020170e-06   -6.3896804514e-07
  243   -4.4836703794e-06   -2.4829422372e-06    6.6298355694e-06   -1.1919423781e-05
  244    5.9059523765e-05    1.1900625884e-05    4.2732443018e-05    1.4982254803e-04
  245   -4.5519230746e-06   -4.3555588823e-06    2.5782511976e-06   -1.2639130194e-05
  246   -1.5870697009e-04   -4.0660591213e-05   -3.8313185361e-04   -5.1483421259e-04
  247    7.6784841506e-05    1.0979697761e-03    5.2530977832e-04    4.7744542261e-04
  248   -6.2210870136e-07   -3.3747039451e-07    1.5934519329e-07   -1.6422974092e-06
  249    1.4021674880e-04    6.5471564802e-05    2.6865273894e-04    3.9088793834e-04
  250    1.8143008797e-05    1.4455774834e-05    1.2160914636e-05    4.9201059893e-05
  251    1.0335725765e-04    2.9948899263e-05    2.0537860014e-05    2.7244585060e-04
  252   -3.0402668230e-05    5.0497446123e-05   -1.9742306748e-04   -8.9343105397e-05
  253    3.0557170997e-04   -1.6085246931e-04    5.2480049169e-04    8.6538725784e-04
  254   -1.6482140089e-04   -1.1680803460e-04   -2.1385973071e-04   -4.5391624053e-04
  255   -5.1215078185e-05   -4.2364957029e-05   -1.0653424757e-05   -1.5249775401e-04
  256    6.1729612307e-04    1.1280387215e-04    2.2258484118e-03    1.6486811048e-03
  257    3.5564207829e-05   -2.6448526529e-05    5.1213963626e-05    1.0538790327e-04
  258    5.9737893885e-05    2.3491558091e-05    1.0212514428e-05    1.6879187284e-04
  259    1.8648196052e-05    1.1671797426e-05   -6.7313212296e-06    5.3899454344e-05
  260   -6.7845035145e-06   -6.9426756011e-06    3.5036556989e-06   -2.0329224415e-05
  261   -2.1125341060e-05   -2.4858847619e-05    1.6692350627e-05   -6.4339575334e-05
  262   -8.0050896467e-06    1.9197490819e-06    4.5467796195e-05   -1.6464468677e-05
  263    4.2699246916e-05    7.2162623099e-05    2.6674218390e-05    1.2996784204e-04
  264    1.1864146818e-05    6.1048106674e-06    2.7024927435e-05    2.9899659137e-05
  265    1.2084777623e-06   -8.9703418304e-07    6.0888898090e-05    1.4993822156e-06
  266   -1.8468787697e-06   -1.4647021118e-06    4.2175247669e-07   -4.9253824760e-06
  267   -1.6907135414e-06   -6.2520518276e-07    1.6055256083e-06   -4.2436887338e-06
  268    3.6434171652e-05    3.2278583018e-05    3.7669429208e-05    1.0362658648e-04
  269    1.7347126340e-06    5.9987930422e-06    3.4644993038e-05    8.2794968798e-06
  270    1.0055045338e-04    4.7786388561e-05   -2.3409286662e-05    2.7219503561e-04
  271   -1.2884608636e-04   -2.7163454862e-05   -3.8590489962e-04   -3.7466339059e-04
  272   -2.1260126472e-04   -6.3910428599e-05   -2.7867649161e-04   -5.4611822009e-04
  273   -3.0381738791e-05   -3.0051492978e-05    6.5458142379e-06   -8.9570824716e-05
  274   -1.7536319619e-06   -6.5963293855e-07    2.7461713459e-06   -7.6634532054e-06
  275    1.6149195262e-04   -3.6612899344e-04    1.0006121452e-03    5.5043082939e-04
  276    7.6375251609e-05    7.6612392645e-05    2.5725947414e-04    2.5611485155e-04
  277    3.6306296511e-05    6.6538688079e-05   -2.3070963542e-05    1.1394511419e-04
  278    2.5628921728e-05    1.0318901766e-05   -2.3223805691e-05    7.2863494752e-05
  279   -2.7464142072e-06   -6.2937502432e-07   -3.3537062016e-06   -7.2392092321e-06
  280   -2.2409981856e-06   -1.5176358434e-06    2.4464458237e-06   -6.1090108666e-06
  281    2.8912983119e-06    3.7836053735e-06    3.3755637174e-06    9.1108023903e-06
  282    6.9788510908e-06    1.3257667533e-05    1.6314505085e-05    2.3482483319e-05
  283   -1.6253090453e-06   -1.3619950979e-06    2.1440531642e-07   -4.3376245521e-06
  284   -1.0030257874e-06    2.7044772671e-06    3.1448611076e-05   -2.5949728477e-07
  285   -3.0114300810e-05    1.0576808228e-04   -9.0853156162e-04   -2.2818877864e-05
  286   -6.0018786815e-06   -7.6994617279e-06    2.1795759642e-06   -1.6656780122e-05
  287    3.4351688161e-06    4.8163729949e-06    9.1461213603e-06    1.1846773562e-06
  288    1.0625527368e-04    4.7342073838e-05    2.9535738438e-04    2.9998508885e-04
  289    1.0506144565e-04    5.4454925812e-05   -5.2204254645e-06    3.0087882272e-04
  290   -2.2755408668e-06   -1.8982385108e-06   -1.3977707880e-06   -6.4780819597e-06
  291   -3.2395613969e-06   -1.7894019599e-06    3.2186753263e-06   -8.6163021162e-06
  292    5.6994166331e-06    3.7838916028e-06    5.6307909724e-06    1.5338043335e-05
  293   -1.9704043085e-05    1.2211997337e-04   -3.3014957521e-04   -2.1951420716e-05
  294   -7.1339115171e-06   -9.4501143022e-06   -8.5046553133e-07   -1.9444272581e-05
  295    5.3117900703e-05    1.1314598130e-04    4.9020926207e-05    1.6746803597e-04
  296    1.7183489440e-04    4.0313427509e-05    9.5005427136e-06    4.6194415480e-04
  297    1.7828733281e-04    2.8707617880e-05    7.7705428897e-05    4.6410928919e-04
  298   -1.6944397274e-05   -1.0461857075e-05    8.3073825596e-06   -4.5833059570e-05
  299    5.4394683202e-06    9.3183100125e-06    1.0977885267e-05    1.8553769632e-05
  300    4.1000397522e-05    7.7162998213e-05    1.6582860085e-04    1.3267151266e-04
  301    1.6529943213e-04    3.6212520612e-05    1.9700267459e-04    4.3321167834e-04
  302   -1.0905373826e-05   -9.6872249805e-06    8.5567664065e-06   -3.1078334350e-05
  303   -1.0698837649e-05   -6.5814974998e-06    3.8211583217e-05   -2.9296309302e-05
  304   -5.1376437826e-06   -4.0229625187e-06    2.1402758038e-05   -1.4557010111e-05
  305    4.5628908638e-06    6.5434636876e-06    7.5776143173e-05    1.4455580830e-05
  306   -3.1453268809e-06    4.4155868198e-06    1.6960747043e-05   -4.6990623198e-06
  307   -2.2421300927e-06   -7.6396788201e-07    1.8049103878e-05   -5.5928178755e-06
  308   -2.4471067533e-05    3.5808962132e-04    6.6793523837e-04    8.2986083283e-05
  309   -3.0353920332e-07   -2.9692191089e-07   -2.2484997805e-07   -8.8059822021e-07
  310   -5.5608818873e-06   -5.9308737392e-06    6.7243682410e-06   -1.5193844446e-05
  311   -1.8582297159e-05   -1.8825054363e-05    6.9717495665e-06   -5.2223451258e-05
  312    2.0312224125e-04    1.9986685917e-04   -3.3263946935e-04    5.3863594141e-04
  313   -8.5188800458e-07   -2.0114118704e-06    4.0722286654e-06   -3.4611202793e-06
  314    4.7055415120e-06   -7.4807185186e-07   -9.7903555922e-05    1.5649226706e-05
  315    3.8644413190e-06    2.4930101386e-06   -9.1311127496e-06    1.0697560459e-05
  316   -1.8410918406e-07   -3.2008683898e-07   -6.7698193514e-08   -5.4655932558e-07
  317   -4.3629142454e-08   -1.8379869566e-08    2.8515076760e-07   -1.2581368307e-07
  318   -3.1427416008e-07   -4.2436513288e-07    1.8633423797e-07   -8.8742435709e-07
  319    1.1033665301e-06    9.1182188753e-07   -4.2075728752e-06    3.6531717863e-06
  320    8.0055753693e-07    2.2646598138e-06    1.7552799492e-05    3.4183766928e-06
  321    4.8600211956e-07    5.8836738107e-07   -3.6691253660e-07    1.4774003554e-06
  322    1.9827253039e-06    1.5315794965e-06    4.2266055954e-07    5.3102648621e-06
  323   -1.3556164307e-03   -1.9068178455e-03   -1.7367321080e-03   -4.0608355198e-03
  324    5.4751386046e-04    8.5094917644e-04   -7.1352057645e-04    1.6555803198e-03
  325    4.3976862082e-04    5.9749612281e-04   -5.3737336954e-04    1.0579268538e-03
  326    4.6402841286e-05    4.3535956903e-05   -8.5225928449e-05    1.3253589656e-04
  327    1.8597685359e-05    8.4095570270e-06   -2.9953976475e-05    4.7033701092e-05
  328    1.0659854943e-04    1.6207781645e-04    2.2880471823e-04    3.0902613801e-04
  329   -1.4207463006e-04    3.2443100940e-05   -5.9334412383e-05   -3.4831122145e-04
  330   -1.4157364690e-03   -1.7009527814e-03   -1.6131584837e-03   -4.1565731065e-03
  331   -2.6627299661e-04   -3.6268774184e-04   -3.9426736218e-04   -8.5073323189e-04
  332   -3.0516903024e-08   -6.1328234700e-09    1.3261836036e-08   -5.7858110122e-08
  333   -1.0227391850e-05   -1.0226992864e-05    1.4186169600e-05   -2.8626961912e-05
  334   -4.7991298435e-05   -6.2503301146e-05    4.9447598793e-05   -1.4825828065e-04
  335   -1.1476444794e-05   -6.7086180361e-06    3.0800362261e-05   -3.0846714072e-05
  336   -5.2772673384e-06   -2.2660519294e-06    1.2838546415e-05   -1.3486362634e-05
  337   -4.3342242230e-07   -4.0918887744e-07   -1.3743274370e-07   -1.2384360302e-06
  338   -5.5584876979e-08   -2.9519572550e-08    3.1151296820e-08   -1.3460153131e-07
  339   -9.5543867956e-05   -5.6742978372e-06    3.9353589831e-04   -2.6664545572e-04
  340    7.8772627527e-07    2.9376064840e-07    1.6979676671e-06    2.0238644744e-06
  341    1.1043449141e-05    5.7996381135e-06   -4.4972879587e-06    2.9560728865e-05
  342   -2.8785914624e-05    8.7299169629e-05    2.1932498352e-04   -6.5387348314e-05
  343   -1.8017616479e-05   -1.5657875929e-05   -3.3756834134e-05   -5.1322826197e-05
  344    3.6183323048e-07   -7.4521565676e-07   -2.3830440185e-06    6.5086797714e-07
  345   -2.8010970279e-06   -1.6938186964e-06    2.0177932675e-05   -7.3386999602e-06
  346   -1.0405565298e-05   -3.9413611264e-06    1.1385337118e-05   -2.6769975126e-05
  347    1.5838755546e-05    1.1077988028e-05   -8.7597091988e-06    4.3730443528e-05
  348   -1.5954355892e-05   -1.0578656007e-05    2.9821006775e-05   -4.3445351483e-05
  349   -1.0265161117e-06   -2.6173974012e-06    1.0080217910e-05   -3.5292125125e-06
  350   -1.2764398913e-05   -1.6404544823e-05    7.7971656909e-06   -3.5380622043e-05
  351    4.8943019776e-05   -1.9998612141e-05    4.1025946529e-04    1.3209218441e-04
  352   -2.5808538249e-07   -1.9960649886e-07    8.7595810596e-08   -7.0105813516e-07
  353   -1.6159814372e-05   -2.3273015459e-05    1.4306177770e-06   -5.0065862914e-05
  354   -3.2024036201e-06   -4.3888503942e-06    7.6567224783e-07   -8.2852474881e-06
  355    2.2145979712e-05    2.3398445182e-05   -1.3649000766e-04    7.0611997152e-05
  356    2.7763154189e-06    2.0525378272e-06    5.4138280230e-06    7.6336354772e-06
  357    1.5182308535e-05    3.5718216579e-06   -1.1045003887e-05    4.1081821105e-05
  358   -3.2743995849e-04   -3.1067795824e-04   -7.9931558730e-04   -9.7058140557e-04
  359   -3.2867697279e-07    4.5361949331e-05   -5.6293006823e-05    5.3990655263e-06
  360    4.4500661836e-04    8.5079600916e-04    1.8838518766e-03    1.4303761300e-03
  361    6.3458960309e-06    1.0186955446e-05    2.0677903834e-06    1.8756385334e-05
  362    2.6279858281e-05   -1.5079300655e-07   -6.1965222450e-06    7.1576004672e-05
  363    3.0093245604e-06    3.1077961385e-06    4.8929692763e-05    7.6404854665e-06
  364    2.1891759239e-04    1.5099475056e-04    3.5176500601e-04    6.4847545736e-04
  365    7.8486609573e-05    5.1205517691e-05   -1.0577771298e-05    2.2163799442e-04
  366    5.9880648617e-05    1.7840028500e-05    5.5355152970e-05    1.5727702994e-04
  367   -1.3615064371e-04   -1.3169815824e-04   -3.6067104164e-05   -4.0349865810e-04
  368   -1.0527952072e-07   -1.7042743356e-07    1.3799165627e-07   -3.1029579879e-07
  369    2.2201799427e-04    1.6491379876e-04    2.7239724365e-04    6.5649380029e-04
  370    3.6813130669e-06    3.9857266793e-06    6.1359771431e-07    1.0401905032e-05
  371   -1.0814499036e-04   -8.3660665201e-05   -5.0921029546e-05   -3.1329693180e-04
  372   -3.4965298885e-05   -4.6464006687e-05   -2.9505555985e-05   -1.0880308807e-04
  373    1.4187465222e-05    4.8376081786e-06    1.0585785720e-05    4.2363634302e-05
  374   -7.8826918951e-07    2.8064139554e-06    6.9294830291e-06   -3.5429038175e-06
  375   -1.5684328836e-06   -1.3655060156e-06    1.9421009939e-06   -4.3255937027e-06
  376    2.1398334493e-05    4.0307063243e-05    4.6636999818e-06    6.3701613429e-05
  377   -3.2806678381e-05   -3.0624049303e-05    1.4366327951e-05   -9.4870144726e-05
  378   -7.8318514868e-06   -9.4186746076e-06    1.0994876884e-05   -2.2110412459e-05
  379    1.5801596143e-06    7.8194395403e-07    4.0004458080e-06    3.4879044097e-06
  380    1.4167920309e-07    3.2876045636e-07   -1.9827889330e-08    3.4931259274e-07
  381   -6.3656328472e-07   -1.5546267886e-06    2.3339533431e-06   -1.9216876354e-06
  382    2.2878096986e-06    6.1872463533e-07   -3.0272084752e-06    5.9202119661e-06
  383    1.8699220639e-06    1.8313901285e-06   -5.9486655900e-07    5.2473316016e-06
  384    1.0275255440e-03    1.7821329440e-03   -1.0362677803e-03    3.2045053474e-03
  385    6.1536510615e-05    6.8233837905e-05   -8.2689718216e-05    1.7639649700e-04
  386    4.0965286718e-05    5.7270594517e-05    8.6773244840e-05    1.1618504769e-04
  387   -8.3912087348e-06    3.3990445007e-05    2.4980410102e-04   -6.9153363591e-06
  388   -1.8661554507e-04   -1.1598685554e-04    6.6671234505e-06   -5.3131189552e-04
  389   -2.2708190893e-04   -2.2940196876e-04   -2.8679030468e-04   -6.2537003550e-04
  390   -5.4677182920e-06   -4.6295649606e-06    2.1478218509e-06   -1.4007406346e-05
  391   -4.3005353510e-07   -1.6375559220e-07   -3.0146964296e-07   -1.0967099353e-06
  392   -2.2536660038e-07   -3.0985739148e-07    2.6657929336e-07   -7.2589070171e-07
  393   -8.4189807903e-05   -3.8375752229e-05    5.0188610212e-04   -2.2659329274e-04
  394    1.2088624372e-05    6.3830104396e-06   -5.5670268742e-06    3.1230478273e-05
  395   -3.3134801326e-06   -4.0485827581e-06   -1.5428058137e-05   -9.6611694339e-06
  396   -3.9608941127e-06   -2.1968104419e-06    1.5345953674e-05   -1.0424855423e-05
  397   -3.5794197467e-06   -1.8555469661e-06    1.4327167924e-05   -9.4137458245e-06
  398    1.4160365588e-05    1.4531765548e-05   -5.6618295122e-06    4.0570741211e-05
  399    2.1055258231e-05    1.9992800818e-05   -4.0658448830e-07    6.0246477945e-05
  400   -6.3126199146e-05   -9.1811216832e-05    2.2039834001e-04   -1.9115132545e-04
  401   -1.1303774756e-05   -1.3537111970e-05    9.4009392285e-06   -3.3003077268e-05
  402   -1.1083235024e-06   -2.1660841523e-06    7.6968813267e-07   -3.3254215354e-06
  403    2.1772167402e-06    4.8648585160e-06   -4.5269343829e-07    5.5450088965e-06
  404    1.0181216764e-05    1.2285996331e-05   -4.0528739219e-05    3.2825677940e-05
  405    6.6872288956e-07   -4.5660307132e-07    1.5323204944e-05    1.4060193981e-06
  406    4.3057753543e-05    4.0843517804e-05   -2.8772832641e-05    1.2744149919e-04
  407    1.0503611869e-05    1.5405801634e-05    9.1375518263e-06    3.1073477125e-05
  408    5.8568245739e-05    1.8249077379e-05    7.5138940209e-05    1.5353811972e-04
  409   -3.7103913691e-05   -3.6350952630e-05   -2.0965174041e-05   -1.1025901112e-04
  410    1.5892764535e-05    2.8912480049e-05    9.9496366007e-07    4.8804866398e-05
  411    6.5046058817e-07    1.0996715691e-06    1.4611489102e-06    1.0620497537e-06
  412   -4.7478757037e-05   -5.5206950123e-05    9.9149577437e-05   -1.4310816421e-04
  413   -8.6630962820e-06   -8.7001285625e-06    6.2296955788e-06   -2.4547169852e-05
  414   -1.9355047079e-06   -3.4100901356e-06    6.4591474530e-06   -5.7380489249e-06
  415   -3.1465281769e-06   -3.7080213032e-06    6.9117021134e-06   -8.8815500093e-06
  416    4.7050210950e-05    6.1425369999e-05    7.5612814621e-05    1.3907730870e-04
  417   -1.2096070673e-05   -1.2593450588e-05    1.0191951449e-05   -3.3165987318e-05
  418   -7.8060865064e-06   -1.0841707306e-05    3.3632455545e-06   -2.2250515232e-05
  419   -6.8049413760e-05   -6.0900308234e-05    1.1864139011e-04   -1.9061481560e-04
  420   -6.1504881049e-06   -1.8247382771e-06    1.4647146343e-05   -1.5376172557e-05
  421   -7.6780422298e-06   -3.9716927663e-06    1.9411174057e-05   -2.0298727976e-05
  422    2.4294273190e-05    2.7153719811e-05    6.6824584061e-07    7.2306557443e-05
  423    3.4930964371e-05    3.4688085737e-05    1.5589803753e-05    1.0158561492e-04
  424   -8.7066204940e-06   -7.5752349272e-06    2.4491086242e-06   -2.4123550380e-05
  425    6.6385265340e-07    1.1278131207e-06   -1.3172038601e-06    1.7878060143e-06
  426   -3.0953711816e-06   -4.1982910204e-06    5.5232207696e-06   -9.2620355829e-06
  427    3.9502602578e-05    2.1511629283e-05    5.8745959486e-05    1.0696568631e-04
  428    4.5924375414e-06    6.4830085744e-06    1.4981071939e-06    1.3565468193e-05
  429    2.2873161698e-05    3.8225412419e-05    8.6319840165e-06    6.9687467602e-05
  430   -1.4076500382e-06   -1.9385361372e-06    6.3072463918e-06   -4.0885697605e-06
  431    5.0080425917e-06    7.8583060198e-06    3.9443101563e-06    1.4860335185e-05
  432   -9.8598039455e-06   -9.2287288922e-06    6.1630908710e-06   -2.6359053829e-05
  433   -8.8328129533e-06   -3.7171914852e-06    1.8059950440e-05   -2.2678803280e-05
  434    2.1088495533e-05    2.0666151082e-05    2.7551017023e-05    6.0292690979e-05
  435   -7.6461189810e-08    2.8702062428e-06    1.0932051705e-05    4.0063612150e-06
  436    1.6154831379e-05    2.0397778518e-06    3.8742653156e-05    4.0287961769e-05
  437    1.6343627840e-05    2.1916461701e-05    9.7109820185e-06    4.4471371030e-05
  438   -1.7641573966e-06   -1.6913374997e-06    1.7177599946e-05   -4.4333427988e-06
  439    7.1619273012e-06    8.1087220272e-06    8.1778854522e-06    1.9687203257e-05
  440    6.6411459665e-06    9.2153021325e-06    1.0089012958e-05    1.9885759706e-05
  441   -1.2521832529e-05   -1.0182067862e-05    2.1080758666e-05   -3.2997077293e-05
  442   -5.1981335902e-06   -2.9588310968e-06    9.3569596515e-06   -1.3819292932e-05
  443   -1.5439203735e-05   -1.8437952987e-05    7.8841967677e-06   -4.4414771340e-05
  444    1.3445538086e-06    3.1384031658e-06    1.7104252042e-05    5.3471463368e-06
  445   -2.9148385094e-06   -3.1445852866e-06    4.7926593250e-05   -8.5133636252e-06
  446   -5.3134796910e-06   -5.4729766726e-06    1.6673034481e-05   -1.4134082359e-05
  447    2.4671653609e-05    3.3374709246e-05    5.0481493985e-06    7.0219038917e-05
  448    1.0858683744e-05    1.3683811029e-05    2.5403843525e-05    3.2593780105e-05
  449   -8.1083664089e-06   -6.9034057984e-06    1.1601726524e-05   -2.0999018496e-05
  450    1.1906992319e-05    1.1441689610e-05    5.0326296949e-05    3.6555927556e-05
  451    2.8039202904e-06   -2.0261179887e-06    3.2099548714e-05    5.8499906308e-06
  452   -5.7097555850e-06    2.3663015991e-06    5.9464273783e-05   -1.2493547863e-05
  453    4.3340331324e-06    4.8871497127e-06    2.0301330061e-05    1.3267512089e-05
  454    5.8678062409e-06    6.8302308254e-06    1.2572165531e-05    1.7074119896e-05
  455    3.4304273831e-05    1.9008427644e-05    1.0388929300e-04    9.6628677282e-05
  456   -3.0161203396e-06    3.7980035783e-07    1.7427431026e-05   -6.5652518144e-06
  457   -1.3265048782e-05   -9.0642077177e-06    8.2602882867e-05   -3.7540109910e-05
  458   -5.5685230732e-06    3.0990834898e-08    4.4316737779e-05   -1.3329372328e-05
  459    7.7077233485e-07    7.0485284276e-07    2.9187763317e-06    2.0439205883e-06
  460    3.6037145490e-07   -5.2296665262e-06    3.9980154604e-05   -1.5464452635e-06
  461    1.0001097173e-05   -2.9339204677e-06    9.3302032766e-05    2.4399995913e-05
  462   -5.6307996460e-06    9.9522386859e-06    3.1693302496e-05   -5.6564475326e-06
  463   -4.8885938700e-06   -4.9751197086e-06    3.9366871308e-06   -1.2405762181e-05
  464   -1.2803855198e-05   -1.3921485492e-05    3.8099731703e-06   -3.4230500379e-05
  465    5.6408382739e-06   -7.0508269362e-06    3.6386193537e-06    1.5207711392e-05
  466   -2.4850748629e-05   -3.2984314065e-05    1.0593520419e-05   -7.5916360871e-05
  467   -1.5228755756e-05   -1.3199283246e-05    4.5818470545e-06   -4.2663693758e-05
  468   -2.0924559828e-06   -2.1963388139e-06   -2.8708329117e-06   -6.1487230238e-06
  469    4.0020330799e-05   -1.2406829036e-06    7.4651517606e-05    9.7739819710e-05
  470    3.1590455078e-05    2.5765722021e-05   -1.5976096314e-05    8.8705492604e-05
  471    1.4680175478e-05    1.5979396625e-05    5.6605935217e-06    4.3336983307e-05
  472    3.8140393621e-05    5.5566592994e-05    1.8246584799e-05    1.0683232077e-04
  473    9.8115092440e-07    1.9016906105e-08    1.7350337746e-05    2.7723743440e-06
  474   -6.8199265679e-06   -8.4310163018e-06    4.1267683715e-06   -1.8891832543e-05
  475    1.5117421204e-06    1.8446051978e-06    1.5638879081e-06    3.9267894492e-06
  476   -6.1725364403e-06   -3.3538710004e-06    1.8569165303e-05   -1.6420762319e-05
  477    3.7199068695e-06    2.8563100236e-06    2.0379864449e-05    1.0014141209e-05
  478   -2.7218245019e-06    2.3198478728e-05    3.2859247007e-05    1.1518934678e-05
  479    7.6780248826e-06    1.3344932798e-05   -2.7843699568e-06    2.0850127180e-05
  480   -6.0473327734e-06    2.2601278488e-06    3.8599661661e-05   -1.2944506578e-05
  481    3.6954423896e-06    4.1446815598e-06   -5.9187030277e-07    1.1494269078e-05
  482   -4.4697839180e-06   -2.0260355893e-06    1.0559370218e-05   -1.1624746304e-05
  483   -3.9264251572e-06   -2.0899254549e-06    4.4986583903e-06   -1.0441300602e-05
  484   -4.3388556636e-06   -2.9504442509e-06   -8.1024596754e-08   -1.1116940701e-05
  485   -5.2641918602e-06   -5.9935650193e-06    1.6282795424e-05   -1.4915729242e-05
  486    1.3940055707e-05    2.3914637631e-05    3.5423860026e-05    4.5144799357e-05
  487   -1.4113710201e-07    9.6513237940e-07    1.1046961956e-05    4.3444414732e-07
  488   -1.1097052097e-05   -1.2931569877e-05    1.9068427393e-06   -2.9039687321e-05
  489   -7.9489518266e-06   -9.8041887109e-06    2.7554972464e-06   -2.0653053920e-05
  490   -5.9318977681e-06   -5.8234710457e-06    5.9224858091e-06   -1.8661283456e-05
  491    1.4025152567e-05   -3.5819077196e-06   -1.0950279312e-05    3.9939397276e-05
  492    1.5942568988e-05    3.4839096668e-06   -1.4791738255e-05    4.7070144006e-05
  493    2.4593226761e-05    1.0314986712e-05    5.8799753261e-05    6.7125541237e-05
  494    1.2287549450e-05    1.9996599862e-05    2.9553824665e-05    3.9007321678e-05
  495    1.0532737876e-05    6.5216495398e-06    2.3055515830e-05    2.7363875055e-05
  496    1.2711255659e-05    1.5667779574e-05   -1.6844598633e-07    3.4898819945e-05
  497   -5.1404453610e-06   -6.3029789721e-06    1.4905325238e-05   -1.5628245226e-05
  498   -1.6333852673e-06   -1.8602784244e-06    1.3843249463e-05   -4.6742384269e-06
  499   -5.8263203290e-06   -7.1141053118e-06    5.6960556064e-06   -1.6303972061e-05
  500    5.3671997402e-06    8.5914912337e-06    2.5228430456e-06    1.4200932097e-05
  501    2.9485094921e-06    5.4432044809e-07    3.6489214428e-06    6.5575062741e-06
  502    3.3704723040e-05    6.2484097757e-05    6.6662161902e-05    1.2177897579e-04
  503    3.1194317962e-06    7.5402184496e-06   -5.5011464134e-06    9.7939711896e-06
  504   -2.9784508193e-06   -2.1910251391e-06    4.8253068208e-06   -8.2567286341e-06
  505    5.2079607987e-06    1.8772327443e-05    1.2849557356e-04    2.2354540094e-05
  506    2.4721891201e-06   -2.7138724211e-06    1.9473901658e-05    4.4774600694e-06
  507   -6.2882685170e-06   -8.0937947317e-06    1.0917829141e-06   -1.6536112757e-05
  508   -7.6692992235e-06   -8.5597479625e-06    2.2444199277e-06   -2.0490033281e-05
  509   -2.3325091858e-07   -8.6276363657e-07    1.3058130965e-06   -5.1906048903e-06
  510    8.8771611589e-06    4.5756296972e-06   -5.7031969750e-06    2.5734298590e-05
  511    4.9711953304e-05    3.2299423552e-06    1.2016556153e-04    1.2578917075e-04
  512    2.2679744367e-05    1.7079026995e-05    4.3776505858e-05    6.1732112477e-05
  513    5.9382707085e-06    5.8550039816e-06    1.4251490613e-06    1.4332909859e-05
  514   -1.1672832839e-05   -8.8743205492e-06    2.3468969823e-05   -3.1952912538e-05
  515    2.4568454909e-06   -1.4677278490e-06    2.8995902901e-07    4.3332872013e-06
  516    9.0038653616e-07    1.9309835848e-06    7.3811031072e-06    3.2922948222e-06
  517    2.2444563569e-05    4.0061703954e-05   -3.6060130576e-06    6.3862665156e-05
  518   -4.0506487053e-06   -1.9777582350e-06    6.9133587743e-06   -1.0681178164e-05
  519   -2.7980395778e-06   -4.4412563904e-06    1.3604395388e-06   -7.8232385847e-06
  520   -3.8629169308e-06   -4.5538919857e-06    9.7408192623e-07   -9.6514463088e-06
  521   -5.7834943432e-06   -5.5508072097e-06    2.0569049936e-07   -1.6554502994e-05
  522    6.1847613619e-06    2.1841008819e-06   -6.4896200393e-06    1.7941955430e-05
  523    9.0454336729e-06    2.1787660651e-05    6.8774712488e-05    3.1850529159e-05
  524    5.2751444705e-06    4.5462071607e-06    1.5110681803e-05    1.4410811953e-05
  525    6.7023383371e-06    6.8320696323e-06    4.8302160882e-06    1.9464707623e-05
  526   -5.2070153744e-06   -2.8294293991e-06    9.4864394118e-06   -1.3855167014e-05
  527   -2.4235388002e-06   -3.5480559463e-06    3.8903776034e-07   -6.6349009620e-06
  528   -2.4590442529e-06   -3.9814961224e-06    2.6672484750e-07   -6.6636561720e-06
  529   -2.8171432201e-06   -2.4540525861e-06   -1.0689965081e-06   -7.8893358860e-06
  530    7.9704434242e-06    3.9143368451e-06   -5.4169147466e-06    2.2681105041e-05
  531   -4.1980308119e-06   -3.5027362955e-06    5.5272106336e-06   -1.1908807274e-05
  532   -8.2747177166e-07   -1.1592896781e-06    6.9065413111e-07   -2.2246787745e-06
  533   -1.9852869348e-06   -3.6300649986e-06   -2.4363323858e-07   -5.9479938336e-06
  534    5.1654427263e-07   -3.1527948655e-07    1.1114308258e-06    4.8641646266e-07
  535   -6.5999983256e-06   -5.4501021751e-06    6.1684338193e-06   -1.8600121443e-05
  536   -1.8563059076e-06   -1.9540163758e-06    9.0108042555e-08   -5.0849602307e-06
  537   -3.2420940932e-06   -1.5455258601e-06    4.9692411644e-06   -8.4807855183e-06
  538   -4.3615458467e-06   -3.4142653982e-06    1.5615425619e-05   -1.2318479570e-05
  539   -5.0894575013e-06   -1.6485050087e-06    3.5190025807e-06   -1.2397229510e-05
  540   -5.4182049472e-06   -5.1656530616e-06    3.8803490213e-06   -1.4742410851e-05
  541   -1.6965031810e-06   -2.1433229540e-06    1.0830279815e-06   -4.7022867371e-06
  542    1.8695808790e-05    7.2756948036e-06    2.5841342954e-05    4.9301812632e-05
  543   -1.5276642798e-05    3.3607405053e-06    3.8309615896e-05   -3.2418373541e-05
  544   -1.5781017985e-06   -7.2557064523e-06    1.8867451004e-05   -8.8047407906e-06
  545   -5.2333658240e-06    2.0925015193e-06    2.4242292201e-05   -1.0883655088e-05
  546   -3.6834771344e-06   -1.1536778477e-07    1.4320272398e-06   -8.7765211765e-06
  547   -1.9036335008e-06   -2.9829654372e-06    5.0634236387e-06   -5.4700775159e-06
  548   -4.9940346997e-06   -6.4271504785e-07    7.4483127999e-06   -1.1809789258e-05
  549   -1.9154816622e-06   -6.4153543589e-07    2.6612045900e-06   -4.8022696930e-06
  550    6.9474851219e-06    8.9509693060e-06    2.2711723995e-05    2.2375374123e-05
  551    2.8956698150e-06    2.7768586042e-06    5.2340076717e-07    6.5204786015e-06
  552   -7.3800340838e-06   -7.2527574224e-06    2.2344764927e-05   -2.1670165662e-05
  553   -1.4234134704e-05   -6.3237262649e-06    5.0294976517e-05   -3.5447061952e-05
  554   -2.6237378156e-06   -1.6171536766e-06    1.6663645290e-08   -6.3771752636e-06
  555   -1.4998419173e-07   -2.5635743528e-07    5.8925087032e-06   -3.3952007872e-07
  556   -2.9015678749e-06   -1.3587655306e-06    1.6436678407e-06   -7.5893458185e-06
  557    3.4361836293e-07    4.7968703662e-06    9.9151806557e-06    3.8977718622e-06
  558    6.7801450218e-06   -3.0136049906e-07    2.7004826327e-05    1.6431083924e-05
  559   -1.0627401736e-05    4.7667512298e-06    8.7820375971e-06   -2.1216240570e-05
  560   -3.3286535420e-06   -5.3698961510e-06   -1.7411582159e-07   -9.0665821205e-06
  561   -9.2134980201e-06   -4.6491803463e-06    6.3509267290e-06   -2.4377652674e-05
  562    2.9102371554e-06   -1.7040665753e-06    1.8045231108e-05    6.2030372158e-06
  563   -6.9623473653e-06   -2.9394542356e-06   -1.3346268535e-06   -1.8255397194e-05
  564   -6.3047223692e-06   -4.2386667093e-06    1.6301023031e-06   -1.7335690175e-05
  565   -3.6458639927e-06   -2.4051203737e-06    4.7763290718e-06   -9.8864579717e-06
  566   -5.1740209339e-06   -4.6147807797e-06    3.9490632986e-06   -1.4876155863e-05
  567   -1.8236939736e-05   -1.9000946649e-05    8.7649332237e-06   -5.4154042362e-05
  568   -7.3192493732e-06   -8.2654326092e-06    4.7434625672e-06   -2.2045733294e-05
  569   -9.3725027739e-06   -5.3593934846e-06    4.6536385856e-06   -2.5067448117e-05
  570   -1.6995970603e-05   -1.4169160636e-05    2.2368183694e-05   -4.7422066274e-05
  571   -1.0972195374e-05   -1.0785226878e-05   -6.1785992989e-06   -3.2387842408e-05
  572   -8.8053175862e-06   -1.0937396822e-05   -6.0793731160e-06   -2.7266661151e-05
  573   -2.6988290075e-05   -3.2805485758e-05    4.7314686891e-05   -8.1685769260e-05
  574   -7.0494998727e-06   -4.4098925900e-06   -6.1519192518e-06   -1.9352575098e-05
