----- Derivative of Residuals w.r.t design variable -----
Node #      R1_B                 R2_B                 R3_B                 R4_B
    0   -2.8448762962e-05   -2.3263625893e-05   -1.1085508726e-05   -8.1098694918e-05
    1   -1.5606656584e-06   -9.1504448423e-07    1.7275680739e-07   -4.1610214791e-06
    2   -5.7106662200e-07   -5.9803119173e-07    1.3280445243e-07   -1.6675457176e-06
    3   -3.6910928683e-07   -3.2615128216e-07   -7.9028804735e-08   -1.0532904955e-06
    4   -2.4020546306e-07   -2.3773017827e-07   -4.7837608184e-08   -7.0129934657e-07
    5   -1.3563034352e-07   -1.3667496695e-07   -4.0799488878e-08   -3.9771354892e-07
    6   -1.0194804714e-07   -1.0520046785e-07   -2.8386940247e-08   -2.9941112554e-07
    7   -6.0554169916e-08   -6.0095940622e-08   -2.2224370143e-08   -1.7721730625e-07
    8   -5.0590301545e-08   -5.0333113025e-08   -1.6942326740e-08   -1.4749899826e-07
    9   -4.1987107694e-08   -3.9334163948e-08   -2.2237983590e-08   -1.2113441417e-07
   10   -3.7393532314e-08   -4.6683958487e-08   -1.3772584548e-08   -1.1495344082e-07
   11   -3.1359929702e-08   -4.0770802345e-08    8.6218647404e-10   -9.6020168512e-08
   12   -2.1197803261e-08   -2.9141331071e-08    6.1118492335e-09   -6.5724380624e-08
   13   -1.1384943155e-08   -2.1735494021e-08    9.2310106874e-09   -3.8801168890e-08
   14   -2.2111482765e-09   -8.2383742866e-09    5.9926670075e-09   -9.7597363505e-09
   15    9.4775443907e-09    4.5665341388e-09    1.3417699384e-08    2.4644982549e-08
   16    2.8163824968e-08    1.8980593145e-08    3.5478335477e-08    7.5518406263e-08
   17    8.1386183251e-08    6.8240650912e-08    3.9149713102e-08    2.2534260457e-07
   18    1.4950793551e-07    1.5176071068e-07   -1.1360019854e-08    4.2995429827e-07
   19    2.7785812442e-07    2.7863018667e-07   -1.7108830381e-07    7.9754973521e-07
   20    2.5617740618e-07    2.9829304062e-07   -1.2765125056e-07    7.6400956133e-07
   21    2.0674346472e-07    2.3632983179e-07   -3.8822171664e-08    6.1259159011e-07
   22    2.7063650582e-07    3.1427864043e-07    1.9262754655e-07    7.8980419214e-07
   23    5.8663748221e-07    4.9670506250e-07    2.1187965212e-07    1.6198917324e-06
   24    2.2524778761e-06    1.6582578015e-06   -6.7054315692e-08    6.1924071880e-06
   25    3.3079612907e-06    3.1304375091e-06   -8.9172177212e-07    9.6489946121e-06
   26    5.3698673457e-06    1.3060693185e-06   -4.1505407600e-06    1.4359422193e-05
   27    3.1490554910e-06    3.3131691438e-06   -2.6533623207e-06    9.8072112815e-06
   28    7.5394631082e-06    2.8021103812e-06   -6.3169915252e-06    2.2103771429e-05
   29    7.4475426412e-06    1.6654092771e-06   -4.6800579218e-06    2.1857320179e-05
   30    6.2490945294e-06   -2.6211704346e-07   -2.3114498107e-06    1.8321065090e-05
   31    8.9492042464e-06   -1.2192950026e-06    5.7123188055e-07    2.7531042912e-05
   32    1.0667253826e-05    1.2105350871e-05    3.1352752462e-07    3.4054780465e-05
   33   -1.3473488449e-07    1.9381882267e-05   -1.8898307626e-05    1.9936913489e-06
   34   -1.1275745978e-05    2.9847747534e-06   -3.2668276144e-05   -3.3560611988e-05
   35   -2.4419086507e-05   -1.4043368241e-05   -7.7077889377e-05   -7.8882318240e-05
   36   -7.2797598801e-05   -6.3485272869e-05   -1.4714895480e-04   -2.2743933135e-04
   37   -1.2436183347e-04   -1.4922417845e-04   -1.6378417567e-04   -3.8704353514e-04
   38   -1.1580928859e-04   -1.6218519115e-04   -1.3959292919e-04   -3.7046421778e-04
   39   -1.1447421760e-04   -1.7209128816e-04   -3.1901640671e-05   -3.6281379388e-04
   40   -1.9644684502e-04   -3.9293788885e-04   -1.2650823084e-04   -6.9165754533e-04
   41   -3.3963368345e-04   -6.0127917932e-04   -1.8946469307e-04   -1.1047038327e-03
   42   -3.8619011696e-01   -3.8317678371e-01   -3.2121783302e-03   -1.0905301211e+00
   43   -8.1593982473e-04    3.6594656860e-03    4.0007074770e-04   -2.9472866434e-03
   44    3.8364708715e-01    3.8563414899e-01   -1.0983269168e-02    1.0817819376e+00
   45    2.2648254349e-04    1.5330016493e-04   -5.4139932360e-04    5.9207282045e-04
   46    1.3910372390e-04    9.8610527630e-05   -3.0336480471e-04    3.6774897960e-04
   47    8.2500498175e-05    6.5979482095e-05   -1.4650607100e-04    2.2099789739e-04
   48    5.4010489860e-05    2.7484713268e-05   -8.3584209396e-05    1.3684978267e-04
   49    2.7983928508e-05    1.8485101476e-05   -3.8376167498e-05    7.4576272300e-05
   50    1.6386829811e-05    1.0689698793e-05   -2.1737703842e-05    4.3869984234e-05
   51    8.3993980318e-06    5.9908450541e-06   -1.3549749264e-05    2.3230017569e-05
   52    5.3812727282e-06    2.5087262699e-06   -9.4050959274e-06    1.4105507373e-05
   53    2.8193838624e-06    1.0852687776e-06   -4.0425257034e-06    7.2173943537e-06
   54    1.7630184603e-06    1.3160505981e-06   -1.9493809110e-06    4.9560778646e-06
   55    1.7421209427e-06    1.6730843739e-06   -1.4823119965e-06    5.1339737404e-06
   56    1.0856934304e-06    8.2463333138e-07   -1.0726415521e-06    3.0710031329e-06
   57    6.5243299111e-07    4.3209706096e-07   -8.2225894125e-07    1.8371849420e-06
   58    3.9095604959e-07    2.3737387554e-08   -1.1385242523e-06    1.0197615753e-06
   59    3.5283477186e-07   -8.0708192300e-08   -1.7851276643e-06    9.3549890755e-07
   60    5.9862101871e-07   -8.3195459975e-08   -1.7728976064e-06    1.5206219006e-06
   61   -9.6061371728e-07    1.9233197602e-06   -1.3554636003e-06   -1.1323848941e-06
   62    0.0000000000e+00    0.0000000000e+00    0.0000000000e+00    0.0000000000e+00
   63    0.0000000000e+00    0.0000000000e+00    0.0000000000e+00    0.0000000000e+00
   64    0.0000000000e+00    0.0000000000e+00    0.0000000000e+00    0.0000000000e+00
   65    0.0000000000e+00    0.0000000000e+00    0.0000000000e+00    0.0000000000e+00
   66    0.0000000000e+00    0.0000000000e+00    0.0000000000e+00    0.0000000000e+00
   67    0.0000000000e+00    0.0000000000e+00    0.0000000000e+00    0.0000000000e+00
   68    0.0000000000e+00    0.0000000000e+00    0.0000000000e+00    0.0000000000e+00
   69    0.0000000000e+00    0.0000000000e+00    0.0000000000e+00    0.0000000000e+00
   70    0.0000000000e+00    0.0000000000e+00    0.0000000000e+00    0.0000000000e+00
   71    0.0000000000e+00    0.0000000000e+00    0.0000000000e+00    0.0000000000e+00
   72    0.0000000000e+00    0.0000000000e+00    0.0000000000e+00    0.0000000000e+00
   73    0.0000000000e+00    0.0000000000e+00    0.0000000000e+00    0.0000000000e+00
   74    0.0000000000e+00    0.0000000000e+00    0.0000000000e+00    0.0000000000e+00
   75    0.0000000000e+00    0.0000000000e+00    0.0000000000e+00    0.0000000000e+00
   76    0.0000000000e+00    0.0000000000e+00    0.0000000000e+00    0.0000000000e+00
   77    0.0000000000e+00    0.0000000000e+00    0.0000000000e+00    0.0000000000e+00
   78    0.0000000000e+00    0.0000000000e+00    0.0000000000e+00    0.0000000000e+00
   79    0.0000000000e+00    0.0000000000e+00    0.0000000000e+00    0.0000000000e+00
   80    0.0000000000e+00    0.0000000000e+00    0.0000000000e+00    0.0000000000e+00
   81    0.0000000000e+00    0.0000000000e+00    0.0000000000e+00    0.0000000000e+00
   82    0.0000000000e+00    0.0000000000e+00    0.0000000000e+00    0.0000000000e+00
   83    0.0000000000e+00    0.0000000000e+00    0.0000000000e+00    0.0000000000e+00
   84    0.0000000000e+00    0.0000000000e+00    0.0000000000e+00    0.0000000000e+00
   85    0.0000000000e+00    0.0000000000e+00    0.0000000000e+00    0.0000000000e+00
   86    0.0000000000e+00    0.0000000000e+00    0.0000000000e+00    0.0000000000e+00
   87    0.0000000000e+00    0.0000000000e+00    0.0000000000e+00    0.0000000000e+00
   88    0.0000000000e+00    0.0000000000e+00    0.0000000000e+00    0.0000000000e+00
   89    0.0000000000e+00    0.0000000000e+00    0.0000000000e+00    0.0000000000e+00
   90    0.0000000000e+00    0.0000000000e+00    0.0000000000e+00    0.0000000000e+00
   91    0.0000000000e+00    0.0000000000e+00    0.0000000000e+00    0.0000000000e+00
   92    0.0000000000e+00    0.0000000000e+00    0.0000000000e+00    0.0000000000e+00
   93    0.0000000000e+00    0.0000000000e+00    0.0000000000e+00    0.0000000000e+00
   94   -1.6778667324e-05   -1.9288660194e-05    4.5794541137e-05   -4.9801690500e-05
   95   -6.9165990141e-06   -7.4258992877e-06    1.0645211948e-06   -2.0714891817e-05
   96   -1.0063969637e-05   -1.1637445638e-05    2.2492705953e-05   -3.0719516239e-05
   97   -5.1184663304e-06   -2.2409100818e-06    9.4827945866e-06   -1.3241833256e-05
   98   -4.4791936394e-06   -3.7892753178e-06    1.2506942618e-05   -1.2043371558e-05
   99   -4.1665583012e-06   -5.4041413538e-06    7.2717583156e-06   -1.1473307554e-05
  100   -6.7813543928e-05   -3.8562648207e-05    2.9652223964e-04   -1.8066352956e-04
  101    9.7368464684e-07    7.5515382475e-07    9.3133215502e-06    2.5228902942e-06
  102   -1.2226530495e-05   -7.1072845103e-06    1.6904768319e-05   -3.2712689921e-05
  103   -4.8577049643e-06   -5.1029231425e-06    3.5244714888e-06   -1.3329706823e-05
  104   -5.7773789089e-05   -7.0422634790e-05    1.8643173763e-04   -1.9950021806e-04
  105    8.8302189596e-06    1.9157158211e-04    1.4434187185e-04    8.8288751665e-05
  106   -3.2255146586e-06   -4.3107920418e-06    4.5181252123e-06   -9.2831597721e-06
  107   -1.0723307058e-04    6.0794712152e-05    2.1052904767e-04   -3.5731554708e-04
  108   -1.1756935415e-04   -1.2828673782e-05   -1.1302184955e-04   -2.9649066714e-04
  109   -5.6096359597e-07   -2.9215672950e-06    8.3247452945e-06   -2.3302602707e-06
  110   -6.9060742525e-07   -1.4529300169e-06    2.4784265519e-06   -2.0466221996e-06
  111   -9.9900875210e-07   -1.1125470803e-06    4.7986924473e-07   -2.7991031064e-06
  112   -1.7811575919e-04   -2.1947453941e-04   -2.8915016619e-04   -5.3245544627e-04
  113   -6.8415798217e-09   -1.8808462542e-07    3.6220022462e-07   -5.9958329021e-08
  114   -3.4092410453e-07   -4.7016645218e-07    3.0070155688e-07   -9.8401080074e-07
  115    2.9635085267e-07   -3.9931884249e-07    1.1142787590e-06    7.3059243145e-07
  116   -2.8954599567e-06   -5.5503654514e-06    2.0166877758e-05   -1.0611808537e-05
  117    5.8412517569e-06    5.3649943180e-06    6.3105758442e-07    1.6582746549e-05
  118    1.4404742871e-06    1.5816347597e-06   -5.5271003210e-08    4.2662942271e-06
  119    4.7271602022e-06    5.8402520370e-06    7.4177812863e-06    1.4508176540e-05
  120    1.4400148432e-06    1.4234798098e-06   -7.0062810880e-07    4.1074425896e-06
  121    6.7779993556e-06    6.9310490460e-06   -3.6213460108e-06    1.9356466006e-05
  122    3.4790639958e-06    3.6062142869e-06    1.2468816792e-05    1.0206475251e-05
  123   -8.2166652932e-06   -4.2359206964e-06   -4.6554099969e-07   -2.1787013059e-05
  124   -3.5794716530e-06   -1.7539167344e-05    1.8335529423e-05   -1.8283764973e-05
  125    1.2552000467e-03    1.8707881568e-03    3.2938226599e-03    4.0069605539e-03
  126   -1.4298047986e-03   -2.4380981163e-03   -1.7357594430e-03   -4.2423851982e-03
  127    1.0558873140e-03    2.3633866488e-03    2.0854852826e-03    3.3140372080e-03
  128    1.8770264304e-05    2.5787902811e-05    1.2371197558e-05    5.2872579947e-05
  129    1.1122810291e-03    2.1424389279e-03    8.9314170630e-04    3.4004803277e-03
  130   -1.3960164691e-04   -6.4081378911e-05   -6.8003017293e-04   -4.0750847475e-04
  131   -1.6911981280e-07    1.1380976821e-06   -3.8806634427e-05    3.9968518813e-06
  132    4.1833093197e-05    1.4980043463e-04    5.8812237519e-05    1.4821733212e-04
  133    1.6369121552e-04    2.2848545363e-04   -3.9627346402e-04    4.9159663165e-04
  134    1.3684452090e-05    1.5853840553e-05    2.2510218179e-06    3.6211969286e-05
  135    5.0842292592e-05   -1.3359086319e-05   -1.5798985411e-04    1.0732214797e-04
  136    7.4441997387e-07    2.1186783675e-07   -5.4615069117e-06    2.2940262248e-06
  137    3.7610977730e-05    5.6967614684e-05    1.0038431337e-05    1.0052624411e-04
  138    8.4293152435e-07    7.9889277323e-08   -6.0913011998e-06    2.4623019399e-06
  139   -4.9233658124e-05    7.5704940343e-05    4.6932308386e-06   -1.4364392228e-04
  140   -1.2137882342e-03   -2.0528407417e-03   -2.7826660415e-04   -3.4445700985e-03
  141    1.2082155191e-06    8.7154208016e-07    1.3468274050e-05    3.3437866233e-06
  142    1.5968484237e-05    6.4880051678e-06   -4.2884274142e-05    4.2511576335e-05
  143    1.8509555835e-06   -2.7698372128e-07    7.6364050637e-06    4.3483383435e-06
  144   -5.6328198159e-07   -3.2944404486e-06    6.3694551627e-06   -3.0531890715e-06
  145   -1.2374440920e-03   -1.4254365494e-03   -2.1171928879e-03   -3.5112633026e-03
  146   -3.3365936951e-06   -9.1327573598e-07    2.7666397176e-06   -8.4245515388e-06
  147   -6.4415806912e-05   -8.6183918880e-05    9.2771152145e-05   -1.9840423845e-04
  148   -6.3753247769e-06   -1.7210629271e-06    6.1604161681e-06   -1.6054322368e-05
  149   -6.6370415047e-06    4.6049078104e-07    6.9080817762e-05   -1.5145182732e-05
  150    3.5418532205e-06    3.3298563488e-06   -2.5529768281e-07    9.8330998915e-06
  151    6.2067280174e-06    5.2359560880e-06   -6.4637580347e-07    1.7219671663e-05
  152   -4.3256626768e-06   -4.0969525849e-06   -6.6227701018e-08   -1.2382193009e-05
  153    4.8434166586e-06   -4.2811772087e-07    8.0935440853e-05    8.8533110498e-06
  154    1.3618308604e-05    1.1041581789e-05   -6.1520656084e-06    3.8272572465e-05
  155   -2.8097010803e-05   -2.6581513748e-05    3.6359822451e-05   -8.1212711397e-05
  156    9.0862691757e-06    9.4779452070e-06   -2.1949148371e-06    2.6612360095e-05
  157    3.8504527846e-07    3.6408772667e-07    1.3121916842e-08    1.1096780560e-06
  158   -1.9359959999e-05   -2.5601742903e-05    1.8222561186e-05   -5.9979952389e-05
  159   -1.3786901288e-06   -7.1566707853e-07    9.5362101836e-07   -3.4062193785e-06
  160    3.6504140064e-05    4.9557890522e-05    7.4151496763e-06    9.7419502761e-05
  161    1.3291941939e-05    8.2607912015e-06    7.1385218737e-05    3.8092981200e-05
  162   -4.8256051827e-06   -5.4393896253e-06    8.5012423395e-06   -1.3553394791e-05
  163   -8.4159874569e-07    1.9306080501e-06   -2.1936690905e-06   -1.9885752542e-06
  164   -1.7998643392e-06   -1.3739269566e-06    8.5458076861e-07   -4.4337691209e-06
  165   -4.9726080214e-06   -7.0607866117e-06    2.6260552362e-06   -1.3824853259e-05
  166   -3.6360056111e-06    1.1109064472e-06    5.4581680408e-06   -7.4670424863e-06
  167   -9.6973236579e-06   -5.6966300419e-06    2.4015456790e-05   -2.6013437275e-05
  168   -3.5783383348e-06   -2.5026995513e-06    9.6703592718e-06   -9.8045681901e-06
  169   -3.2191631264e-06   -2.5100123367e-06    2.2537700841e-06   -8.9018960309e-06
  170    2.0382874888e-05    4.7018365043e-05    7.8356139252e-04    8.2630479825e-05
  171    5.3282511941e-04    2.8609830793e-04    5.4060228671e-04    1.5596496585e-03
  172    4.3491117337e-03    6.6561989210e-03    7.9750637469e-03    1.3705910861e-02
  173   -3.6906944012e-04   -3.1726348950e-04   -6.1165742465e-04   -1.0541566983e-03
  174   -1.1603632757e-06   -1.0218986004e-06    3.4826125615e-07   -3.1470987684e-06
  175   -3.6444444953e-05   -3.0125935377e-05   -5.7969274347e-05   -1.0160867261e-04
  176    5.9050155421e-06   -9.5257108645e-06   -3.1750373953e-05    1.1543115810e-05
  177   -3.8459066469e-08   -6.1077468393e-08    3.2768196560e-08   -1.1965057301e-07
  178    5.6713312052e-06    1.8427245427e-06    7.1595340003e-06    1.5166738768e-05
  179   -3.9291327838e-06   -4.4379142864e-06    1.7570551361e-06   -1.0949300769e-05
  180   -1.0710147879e-07   -1.3001485143e-07    1.3151573370e-09   -3.1791747244e-07
  181    7.2716554257e-08    7.7534981451e-08    4.9084376345e-08    2.1189545097e-07
  182    1.9174772727e-05    1.6811182635e-05   -1.7292410873e-06    5.3351872280e-05
  183    1.4732412223e-05    3.8472183855e-07    3.1139587298e-06    3.4364049847e-05
  184    6.5658779632e-07    5.4925428375e-07   -3.3759490971e-07    1.8096972359e-06
  185    1.1419737530e-05    7.7531911410e-06    3.4412977312e-05    3.0239296698e-05
  186    1.5309785527e-05    1.1486588536e-05   -1.2522523623e-05    4.4663124225e-05
  187    7.7413315803e-07    9.4268171101e-07   -5.8219653325e-08    2.2887067182e-06
  188    2.1187712259e-04    4.1431590289e-04   -5.4321470791e-04    8.5512411315e-04
  189    2.2220739326e-04    2.4969444809e-04    1.2620710156e-03    7.0651765746e-04
  190    1.0827229896e-03    1.3783268505e-03    3.2903538388e-03    3.3476466313e-03
  191    2.3343390627e-04    1.6851338729e-04   -3.5102768609e-04    5.5399197794e-04
  192    8.2061500401e-06    2.3620264454e-06   -1.6696901718e-05    2.1140819120e-05
  193    2.9830629507e-06    1.7553256371e-06   -7.6261334133e-06    8.2824520384e-06
  194    1.2736554958e-05    1.8709468992e-05    2.1662198903e-05    3.8181195722e-05
  195    6.4190000001e-07    2.7702002243e-07   -3.2459110728e-06    1.8836700999e-06
  196    2.5892360894e-06    3.9991544104e-06   -2.0113356952e-06    7.1993347507e-06
  197    2.2558763752e-07   -3.0434949269e-07   -2.1292443589e-05    1.6761519030e-06
  198    4.2268902774e-06   -4.3903468727e-06    6.8522819277e-05    8.9990094200e-06
  199   -3.1454098864e-04   -1.8762416666e-04   -6.3133231748e-04   -9.0545383597e-04
  200    4.7236771216e-04    5.2648793416e-04   -1.0713416301e-04    1.4841460548e-03
  201    1.4299090057e-05    1.0343657855e-05   -9.9029794226e-06    4.1913767144e-05
  202    3.1250185466e-05    2.5380415914e-05    1.9458699510e-05    8.6680939891e-05
  203    2.3375255629e-05    2.0585770740e-05    2.7316729372e-07    6.5010448982e-05
  204   -1.3835438708e-05   -1.1664872009e-05    2.8131458890e-05   -3.9175621066e-05
  205   -2.3740110680e-06   -1.2028280077e-06    1.0120398543e-05   -6.2032189020e-06
  206    8.2609656623e-06    7.7740292396e-06   -6.3850283307e-06    2.4618409468e-05
  207   -1.1960021251e-05   -1.4571842347e-05    3.1203782104e-06   -3.1944583823e-05
  208    3.7893430312e-05    5.6297380889e-05    1.4216658302e-04    1.3639948632e-04
  209    3.6169218274e-04    1.0659350988e-04    1.4145943807e-04    9.8894167267e-04
  210   -1.5585513521e-05   -1.8236653692e-05    9.2866306245e-06   -4.3650741589e-05
  211    1.7479268314e-07   -2.8557832350e-06    2.0119963960e-05   -9.5076577560e-07
  212   -9.3528461800e-07   -8.3962122159e-07    3.6370990684e-07   -2.6143252915e-06
  213    8.2439646374e-06    6.3453270832e-06    2.4174096772e-05    2.3830018279e-05
  214   -3.5339851974e-03   -6.3546899542e-03   -1.2025514835e-03   -1.1251562661e-02
  215   -3.3791917966e-04    8.8015404540e-06   -1.0491890300e-03   -7.3439957671e-04
  216   -9.2152714849e-07   -8.4177446365e-07    3.1223556395e-08   -2.5340864890e-06
  217   -4.8218522693e-05   -6.4147893373e-05   -1.1364097295e-06   -1.5092296143e-04
  218   -4.1282691910e-05   -7.7441142020e-05   -2.8894743472e-04   -1.2745502524e-04
  219   -1.1902004194e-06   -9.2058137910e-07    3.4424592448e-07   -3.2306937256e-06
  220   -1.0831347339e-07   -9.9234611600e-08   -5.1392578176e-08   -3.0851622525e-07
  221    1.4178162542e-07    7.8101019665e-08    3.2050279496e-07    3.8918437947e-07
  222    3.3965680263e-04   -1.4448129461e-05    2.4606411292e-04    8.5719089950e-04
  223    1.2554118994e-05    1.6210669035e-05   -4.1570573290e-06    3.8249971649e-05
  224    4.8741657474e-06    1.1456078942e-07    2.1549250165e-05    1.2086040799e-05
  225    5.8851876751e-05    2.2660614765e-05   -2.2720201559e-05    1.6167808010e-04
  226    7.9198882797e-07    1.0961856725e-06    4.9926232343e-08    2.4322885073e-06
  227    1.3731718773e-04    2.5580361612e-04   -1.5800391559e-04    4.4196535610e-04
  228    1.5925649265e-04    7.9017741492e-05    5.0242511568e-04    5.0419541842e-04
  229    6.5533623684e-04    5.8446781186e-04    2.6328948599e-03    2.2108468674e-03
  230    1.3913462526e-04    3.5142047230e-04   -5.5701824502e-04    1.9941188023e-04
  231    1.5347282720e-05    2.1452053157e-05    9.6067394420e-06    4.4176717900e-05
  232   -1.7118309120e-05   -1.0178973869e-05   -7.2845369476e-05   -4.0859566844e-05
  233   -2.3526354942e-05   -1.9086698577e-05   -3.3193718374e-05   -6.7137362392e-05
  234   -1.0269276492e-04   -9.5867549495e-05   -8.7055019225e-05   -3.0136072440e-04
  235   -8.7507674150e-04   -7.3625368955e-04   -1.9491303088e-03   -2.1982085971e-03
  236    6.3757248580e-05    1.3257624195e-05   -2.4813412508e-05    1.7093282785e-04
  237    1.2455632459e-05    7.3562240531e-06   -7.5263977246e-06    3.5523668141e-05
  238    2.0056432125e-06   -1.6318247213e-06    1.7892586397e-05    3.8093828548e-06
  239    2.0197375402e-05    1.9731835472e-05    2.6106283965e-05    5.8534947344e-05
  240   -1.0062944675e-05   -7.1420546215e-06    1.2794371695e-05   -2.7862214970e-05
  241    2.7374859155e-06   -1.2467981351e-05    3.2694119890e-05   -4.4564244439e-07
  242   -4.0423886662e-07    8.9155830358e-07    9.5747227132e-07   -1.9894494083e-06
  243   -4.7101427950e-06   -2.6596041446e-06    6.0634938151e-06   -1.2586241753e-05
  244    5.8796711010e-05    1.1523717288e-05    4.1035134077e-05    1.4898366240e-04
  245   -4.1741213350e-06   -3.6954328004e-06    2.2192950592e-06   -1.1370658647e-05
  246   -1.5997132398e-04   -4.1555395169e-05   -3.8239782690e-04   -5.1816429309e-04
  247    7.6589953838e-05    1.0971505990e-03    5.2371602647e-04    4.7668406123e-04
  248   -4.8947957392e-07   -2.8601559525e-07    3.1584375647e-07   -1.2896443036e-06
  249    1.3983781883e-04    6.5736155896e-05    2.6769380735e-04    3.9010069827e-04
  250    1.8486570124e-05    1.4829564132e-05    1.1969756749e-05    5.0286446048e-05
  251    1.0194697667e-04    2.8972953396e-05    2.0130640405e-05    2.6839335827e-04
  252   -3.0552922663e-05    5.0533762872e-05   -1.9733311623e-04   -8.9712203647e-05
  253    3.0615722571e-04   -1.5825874710e-04    5.2213171219e-04    8.6835642281e-04
  254   -1.6844210512e-04   -1.1810256401e-04   -2.2176159024e-04   -4.6247133610e-04
  255   -4.8345159791e-05   -4.0291065773e-05   -8.8154334054e-06   -1.4389778773e-04
  256    6.1843814678e-04    1.1202822478e-04    2.2297483489e-03    1.6509044937e-03
  257    3.5495473294e-05   -2.5755335702e-05    5.0330661380e-05    1.0557762757e-04
  258    5.9955646551e-05    2.3295675368e-05    1.0587048472e-05    1.6938119967e-04
  259    1.8309160270e-05    1.1561291098e-05   -6.4661035498e-06    5.2907932732e-05
  260   -6.2491020431e-06   -6.3306156947e-06    3.9804703112e-06   -1.8678088098e-05
  261   -2.0988345648e-05   -2.5296072990e-05    1.7358514412e-05   -6.4340275436e-05
  262   -8.1456324588e-06    1.7722592566e-06    4.5323574889e-05   -1.6869562889e-05
  263    4.3308807856e-05    7.3743242763e-05    2.5444083155e-05    1.3207990909e-04
  264    1.2138717261e-05    6.3492263377e-06    2.6900532646e-05    3.0693808409e-05
  265    1.7258643103e-06   -1.1997610506e-06    6.0857013890e-05    2.5627851249e-06
  266   -1.7105549868e-06   -1.4953444047e-06    6.3409463102e-07   -4.6660927464e-06
  267   -1.7763689649e-06   -7.4351159055e-07    1.5902482300e-06   -4.5287008707e-06
  268    3.6819194863e-05    3.4033614282e-05    3.8315971831e-05    1.0550114290e-04
  269    1.8021072101e-06    6.0344108667e-06    3.4073294634e-05    8.4364907355e-06
  270    1.0054364114e-04    4.7934829331e-05   -2.2631117221e-05    2.7215506729e-04
  271   -1.2864821462e-04   -2.7310658140e-05   -3.8538919797e-04   -3.7411968697e-04
  272   -2.1141187881e-04   -6.3768797193e-05   -2.7768610307e-04   -5.4327089694e-04
  273   -2.6418860215e-05   -2.6769990275e-05    5.6356968890e-06   -7.8284210922e-05
  274   -1.2010586632e-06   -4.8466386332e-07    4.0332300094e-06   -6.1100781013e-06
  275    1.6364491965e-04   -3.6534307046e-04    1.0023975082e-03    5.5591271286e-04
  276    7.6075624727e-05    7.5740699689e-05    2.5752891228e-04    2.5487897240e-04
  277    3.5999060027e-05    6.6248089387e-05   -2.3296859315e-05    1.1296711157e-04
  278    2.5321070633e-05    1.0400293521e-05   -2.3355753348e-05    7.2073426751e-05
  279   -2.7453984795e-06   -8.4489510998e-07   -2.8632362623e-06   -7.3893148106e-06
  280   -2.5991026906e-06   -1.8680910253e-06    2.4170117388e-06   -7.1673987503e-06
  281    3.0672161777e-06    4.3891090303e-06    3.3068664653e-06    9.5952827796e-06
  282    8.0156084126e-06    1.4580448438e-05    1.5589175881e-05    2.6731125863e-05
  283   -1.3526127336e-06   -1.5420589187e-06    3.4486395971e-07   -3.8319281212e-06
  284    1.3088903566e-07    2.9721816309e-06    3.0029536774e-05    2.5743923470e-06
  285   -3.0224551921e-05    1.0476391701e-04   -9.0820488099e-04   -2.3822130075e-05
  286   -8.7158870782e-06   -9.6060236916e-06    3.2252298611e-06   -2.3995159763e-05
  287    4.5142414382e-06    7.2632964436e-06    6.3908542273e-06    4.2495148778e-06
  288    1.0644782710e-04    4.7462363164e-05    2.9568975405e-04    3.0053868303e-04
  289    1.0489177224e-04    5.4070890712e-05   -5.0993096548e-06    3.0034038486e-04
  290   -2.4266548367e-06   -2.2459552087e-06   -1.4445488263e-06   -7.0234853934e-06
  291   -2.8257444903e-06   -1.6186465455e-06    3.7094286163e-06   -7.5272146534e-06
  292    4.2880953390e-06    2.3597490736e-06    5.2293805218e-06    1.1186199140e-05
  293   -1.9849413799e-05    1.2119288425e-04   -3.2980606606e-04   -2.2724549212e-05
  294   -6.7228272345e-06   -9.2481608757e-06   -1.7373249227e-07   -1.8435363871e-05
  295    5.5623395142e-05    1.1600105105e-04    4.9731361368e-05    1.7490972815e-04
  296    1.7295367296e-04    4.0699254717e-05    8.8352806029e-06    4.6498032015e-04
  297    1.7981343754e-04    3.0002413411e-05    7.7222149666e-05    4.6853566950e-04
  298   -1.7726373822e-05   -1.0877829644e-05    8.2458239435e-06   -4.7905272394e-05
  299    5.8095826504e-06    1.0073162258e-05    1.0179559788e-05    1.9863733822e-05
  300    4.3394037078e-05    8.0141456652e-05    1.7002330169e-04    1.4010887284e-04
  301    1.6418627462e-04    3.5391196698e-05    1.9750924923e-04    4.3008387155e-04
  302   -1.1005908906e-05   -9.6220330800e-06    8.2663402134e-06   -3.1309826091e-05
  303   -1.0718048570e-05   -7.1208050697e-06    3.8624261916e-05   -2.9678756186e-05
  304   -5.6003392314e-06   -4.9412384321e-06    2.1091710799e-05   -1.6217079390e-05
  305    5.2424080611e-06    6.9346124897e-06    7.6340761908e-05    1.6346407748e-05
  306   -2.7704908655e-06    4.7811480315e-06    1.7273265209e-05   -3.5999515129e-06
  307   -2.2021982076e-06   -9.3247141947e-07    1.8337622174e-05   -5.5874401940e-06
  308   -2.5256330250e-05    3.5751137735e-04    6.6661589261e-04    8.0946221069e-05
  309   -1.7406375284e-07   -1.9571494470e-07   -2.6505890405e-08   -5.1339869107e-07
  310   -5.2461964924e-06   -5.9034052571e-06    6.6784159682e-06   -1.4580459058e-05
  311   -1.2906311655e-05   -1.4019538665e-05    8.7126160624e-06   -3.5471413111e-05
  312    2.0294676049e-04    1.9971503483e-04   -3.3249211631e-04    5.3819050824e-04
  313   -7.7802653673e-07   -1.8703431484e-06    4.0009245585e-06   -3.1675282004e-06
  314    5.3116420802e-06   -2.4943451983e-07   -9.8593952026e-05    1.7415436598e-05
  315    3.7277537642e-06    2.4957396307e-06   -8.9354799600e-06    1.0390938310e-05
  316    4.3805503033e-08    2.6908886605e-08    7.6528513167e-08    1.1824855325e-07
  317   -1.9484662332e-08   -3.2218270064e-08    2.7977640289e-08   -5.7412063851e-08
  318   -3.7867287502e-07   -4.7503150425e-07    6.7501244595e-08   -1.1127993483e-06
  319    1.1404124674e-06    8.9107763560e-07   -4.4954742940e-06    3.7618098133e-06
  320    8.0452535780e-07    1.1962029034e-06    1.9870184453e-05    2.9097231121e-06
  321    4.2815912973e-07    4.7704164108e-07   -2.5684887565e-07    1.2617991047e-06
  322    2.3264491718e-06    2.2599164410e-06   -4.1561492732e-07    6.4990365916e-06
  323   -1.3555980195e-03   -1.9072368052e-03   -1.7360805202e-03   -4.0609684432e-03
  324    5.4748266507e-04    8.5072907869e-04   -7.1408951407e-04    1.6553929161e-03
  325    4.3972630278e-04    5.9753910636e-04   -5.3756642444e-04    1.0577605502e-03
  326    4.6661105217e-05    4.3856751782e-05   -8.5529567901e-05    1.3334457920e-04
  327    1.8800761981e-05    8.4432464061e-06   -3.0140722416e-05    4.7521497020e-05
  328    1.0685124001e-04    1.6106442097e-04    2.3056851595e-04    3.0892025169e-04
  329   -1.4036028307e-04    3.3261065082e-05   -5.7956444564e-05   -3.4391538580e-04
  330   -1.4156316216e-03   -1.7007506306e-03   -1.6127851395e-03   -4.1561708884e-03
  331   -2.6606448569e-04   -3.6180727863e-04   -3.9370834894e-04   -8.4961335501e-04
  332   -4.5630211647e-08   -4.7424160518e-08    2.4029178991e-08   -1.3013514961e-07
  333   -6.5255975488e-06   -7.4812891068e-06    3.6512155579e-06   -1.8451413415e-05
  334   -4.8526603393e-05   -6.2977045359e-05    4.9461733762e-05   -1.4980746904e-04
  335   -1.1690178508e-05   -7.0649867445e-06    3.1363902149e-05   -3.1598457405e-05
  336   -2.8015236727e-06   -2.3148206332e-07    2.2801075618e-06   -6.6567156342e-06
  337   -3.5062194120e-07   -2.9962718433e-07   -7.4509440392e-08   -9.8692988600e-07
  338   -6.7700017533e-08   -5.0385521770e-08   -6.9432610941e-09   -1.8527977389e-07
  339   -9.6515185219e-05   -6.6338141296e-06    3.9193356042e-04   -2.6948265532e-04
  340    8.7642058790e-07    5.8099707155e-07    5.7974834650e-07    2.3836217179e-06
  341    1.0810620865e-05    5.0831233794e-06   -4.6006592487e-06    2.8624191094e-05
  342   -2.8631258531e-05    8.8459633052e-05    2.1596328782e-04   -6.3905468547e-05
  343   -1.6309633635e-05   -1.3733134669e-05   -2.5682691390e-05   -4.6281887187e-05
  344    4.9791916011e-07   -7.8351126410e-07   -2.7469313243e-06    9.7360229768e-07
  345   -2.7384941597e-06   -1.5252132933e-06    2.0603612579e-05   -7.0978364507e-06
  346   -1.0430089751e-05   -3.4787720896e-06    1.0903935936e-05   -2.6536187791e-05
  347    1.7181867422e-05    1.2684138820e-05   -9.1598414831e-06    4.7863566104e-05
  348   -1.6322931560e-05   -1.1314193488e-05    2.9813297892e-05   -4.4748413582e-05
  349   -1.0916576039e-06   -2.5427255960e-06    9.4117335543e-06   -3.5804298525e-06
  350   -1.4160581963e-05   -1.7233996511e-05    5.0594996014e-06   -3.8798017115e-05
  351    4.9681457949e-05   -1.9567312555e-05    4.1062031860e-04    1.3410295481e-04
  352   -3.0266309800e-07   -2.0780930405e-07   -6.4034835276e-08   -8.3065146934e-07
  353   -2.2152238026e-05   -2.8279438289e-05    1.0927873964e-06   -6.7589567891e-05
  354   -4.4285266801e-06   -6.2666103293e-06    1.3928953689e-07   -1.1820861920e-05
  355    2.1895954485e-05    2.3249100111e-05   -1.3673562457e-04    6.9982694627e-05
  356    1.8266155262e-06    9.7731411227e-07    5.1328065729e-06    4.5929056286e-06
  357    1.4912233326e-05    3.4833625543e-06   -1.0435381388e-05    4.0238607247e-05
  358   -3.2529957952e-04   -3.1014163952e-04   -7.9635211512e-04   -9.6501318544e-04
  359   -3.1103727430e-07    4.5392979093e-05   -5.6428422973e-05    5.4215921271e-06
  360    4.4367407213e-04    8.5021493149e-04    1.8834902883e-03    1.4268565870e-03
  361    7.1130024048e-06    1.1412528113e-05    2.3670759041e-06    2.1035399937e-05
  362    2.6275127539e-05    2.7253407325e-08   -6.0555601175e-06    7.1587277477e-05
  363    3.1733985410e-06    3.2186077643e-06    4.9961725304e-05    8.0730787902e-06
  364    2.1925117632e-04    1.5142380638e-04    3.5165560998e-04    6.4953523379e-04
  365    7.9392720557e-05    5.1027269720e-05   -1.0201646751e-05    2.2386502528e-04
  366    6.0293435077e-05    1.8206221199e-05    5.6234620833e-05    1.5850428923e-04
  367   -1.4069282867e-04   -1.3588761558e-04   -3.7105785571e-05   -4.1751004626e-04
  368   -3.0424336338e-09   -9.8383908704e-09    1.5556867098e-08   -1.0609083786e-08
  369    2.2013303591e-04    1.6324567444e-04    2.7079182062e-04    6.5084111119e-04
  370    4.0446985632e-06    4.0643275621e-06    2.5368880592e-08    1.1254958883e-05
  371   -1.1616465336e-04   -8.7112265969e-05   -6.6419376897e-05   -3.3422225874e-04
  372   -3.1498235564e-05   -3.8763750827e-05   -2.6106749200e-05   -9.6739920416e-05
  373    1.4355670988e-05    5.1209347333e-06    1.0544467839e-05    4.2856355897e-05
  374   -5.8391544780e-07    3.2564474336e-06    5.8873757439e-06   -2.7303607023e-06
  375   -1.4100075155e-06   -1.3279403896e-06    8.4239166751e-07   -4.0018615328e-06
  376    1.9408521044e-05    3.6813563134e-05    4.5876445636e-06    5.7729466465e-05
  377   -3.2858159079e-05   -3.0991285097e-05    1.4780863933e-05   -9.5202550076e-05
  378   -7.9448392231e-06   -8.4037212042e-06    6.9640466597e-06   -2.1942796476e-05
  379    1.3531692822e-06    5.2471854769e-07    3.9964452115e-06    2.8284737444e-06
  380   -8.5903380833e-08   -1.8720230746e-07    2.0883326653e-07   -2.7154444224e-07
  381   -7.7343534492e-07   -1.4905481716e-06    1.9916848157e-06   -2.3896076624e-06
  382    2.1397258222e-06    6.6162047223e-07   -2.9562084090e-06    5.6077851666e-06
  383    1.5938060214e-06    1.7232136437e-06   -5.6437667420e-07    4.5630186788e-06
  384    1.0277232228e-03    1.7822716891e-03   -1.0363377493e-03    3.2050390274e-03
  385    6.1822406723e-05    6.8532996372e-05   -8.3035746437e-05    1.7721236003e-04
  386    4.0362670320e-05    5.8776400526e-05    8.7532174671e-05    1.1503796832e-04
  387   -7.9168578205e-06    3.3708331685e-05    2.5341905611e-04   -5.9251637421e-06
  388   -1.7989319967e-04   -1.1089294048e-04    1.4470823536e-05   -5.1233412091e-04
  389   -2.2637202808e-04   -2.2827261805e-04   -2.8628166628e-04   -6.2303744790e-04
  390   -4.5963970270e-06   -3.8939771781e-06    4.2862722304e-06   -1.1476670803e-05
  391   -1.8597218665e-07   -1.4601917223e-07   -2.6192060519e-08   -5.1514387721e-07
  392   -3.4515710654e-07   -2.6457720096e-07    3.8905757319e-08   -9.2391540672e-07
  393   -8.4172119638e-05   -3.8875825786e-05    5.0190919159e-04   -2.2698107940e-04
  394    1.2345236766e-05    7.3022328687e-06   -4.6710065865e-06    3.2241698438e-05
  395   -3.3103573237e-06   -3.8961226362e-06   -1.6485877192e-05   -9.4990576839e-06
  396   -3.8325085675e-06   -2.2104353400e-06    1.5190669979e-05   -1.0132073140e-05
  397   -3.3148346688e-06   -1.8083697718e-06    1.4871769995e-05   -8.7514522100e-06
  398    1.4603621418e-05    1.4406478209e-05   -5.3179081544e-06    4.1521654874e-05
  399    2.1558399697e-05    2.0227030517e-05   -2.6303794288e-07    6.1408376339e-05
  400   -6.4087019375e-05   -9.3976357994e-05    2.2188030087e-04   -1.9467952439e-04
  401   -1.4368684494e-05   -1.4572947914e-05    2.0086257260e-06   -4.0983590829e-05
  402   -1.2378064054e-06   -2.2063587130e-06    1.1785221678e-06   -3.6441126872e-06
  403    3.2706086709e-06    6.5136085283e-06   -7.1576816682e-07    8.5132348793e-06
  404    1.0193110693e-05    1.2082215409e-05   -4.0049354151e-05    3.2728072576e-05
  405    3.8744369139e-07   -1.5965213604e-06    1.4103739598e-05   -3.4635491158e-08
  406    4.3601125741e-05    4.1297173875e-05   -3.0731413778e-05    1.2913107407e-04
  407    9.7249372079e-06    1.4315015520e-05    8.3059802802e-06    2.8780149249e-05
  408    5.8042073684e-05    1.7597507357e-05    7.6121905002e-05    1.5192703786e-04
  409   -3.3150805044e-05   -3.3002432833e-05   -2.1800122485e-05   -9.8588986662e-05
  410    1.4628326455e-05    2.6490156913e-05    9.3169411612e-07    4.4574653484e-05
  411    1.1491819259e-06    1.6053182689e-06    1.4676040690e-06    2.6189251275e-06
  412   -4.7727477973e-05   -5.5998665928e-05    9.7448700532e-05   -1.4420177825e-04
  413   -5.3930947459e-06   -6.6612126220e-06    1.7256121760e-06   -1.5450990076e-05
  414   -1.6678226820e-06   -2.9572498536e-06    6.1450755974e-06   -4.9359761113e-06
  415   -2.7586033319e-06   -3.4188264371e-06    7.2540336351e-06   -7.7907533137e-06
  416    5.0003756529e-05    6.5065122502e-05    7.7331882080e-05    1.4805603069e-04
  417   -1.0976200279e-05   -1.2550712824e-05    1.0156167183e-05   -3.0508533334e-05
  418   -7.7428884635e-06   -1.0823803221e-05    4.5653318044e-06   -2.1943289983e-05
  419   -6.8561281529e-05   -6.2309648358e-05    1.1737167545e-04   -1.9276845733e-04
  420   -6.1298537196e-06   -2.0253234514e-06    1.4219716920e-05   -1.5439244211e-05
  421   -7.4837831769e-06   -3.8656825267e-06    2.0008751049e-05   -1.9773589605e-05
  422    2.4805949311e-05    2.7935482504e-05    6.0370049223e-07    7.3934989404e-05
  423    3.5042995653e-05    3.3543114559e-05    1.5210314082e-05    1.0119001143e-04
  424   -4.1346248286e-06   -3.7947305877e-06   -2.0284273770e-07   -1.1125662127e-05
  425    6.5502825535e-07    9.3250691156e-07   -2.2412609028e-06    1.6983707041e-06
  426   -2.7223242830e-06   -3.3797236994e-06    4.3389955434e-06   -8.1106977838e-06
  427    3.9643475017e-05    2.1190875582e-05    5.8392791655e-05    1.0714239917e-04
  428    5.0158978996e-06    7.3150791289e-06    1.7781818520e-06    1.4743215622e-05
  429    2.2293878871e-05    3.7073054255e-05    9.5798848265e-06    6.7956442643e-05
  430   -1.0754923215e-06   -1.7246006151e-06    6.0569475122e-06   -3.2374357455e-06
  431    5.8213219681e-06    8.7074841995e-06    4.7232914805e-06    1.7167917772e-05
  432   -1.0496476780e-05   -1.0078792883e-05    8.0845595339e-06   -2.8543047222e-05
  433   -8.9353347596e-06   -3.4845279351e-06    1.8766933411e-05   -2.2808958741e-05
  434    2.1440946266e-05    2.1348005206e-05    2.7152021012e-05    6.1621711945e-05
  435   -7.7903451939e-06   -4.8563083782e-06    6.5578624557e-06   -1.9631142892e-05
  436    1.6531093875e-05    2.4614047426e-06    3.8902045772e-05    4.1438977743e-05
  437    1.5690021500e-05    2.0968645610e-05    9.0640142682e-06    4.2852009186e-05
  438   -1.2207641601e-06   -1.0574892402e-06    1.5707174768e-05   -2.9081801935e-06
  439    7.2328984499e-06    8.6980561576e-06    7.5467349542e-06    2.0446751843e-05
  440    7.0105043115e-06    9.9917280615e-06    1.0138863469e-05    2.1037107570e-05
  441   -1.3524982842e-05   -8.9361890856e-06    2.2810490023e-05   -3.4578808195e-05
  442   -5.0271110430e-06   -2.7555510307e-06    9.4368945890e-06   -1.3290095995e-05
  443   -1.7259146273e-05   -2.0854056902e-05    1.1805689296e-05   -4.9990257822e-05
  444    1.3601553279e-06    3.2111586578e-06    1.7100086147e-05    5.4281487984e-06
  445   -1.6587448499e-06   -2.2472530231e-06    4.7737469159e-05   -4.9885324127e-06
  446   -6.5361989167e-06   -7.2937820907e-06    1.4836883737e-05   -1.8193475844e-05
  447    2.4665925873e-05    3.3250905809e-05    6.0331172541e-06    6.9808633334e-05
  448    1.0527827467e-05    1.3422813645e-05    2.5598791432e-05    3.1678822236e-05
  449   -9.9346244185e-06   -9.4098639327e-06    1.4007086469e-05   -2.6676878395e-05
  450    1.1744941035e-05    1.1184735857e-05    5.0272225308e-05    3.6017912176e-05
  451    3.0086874499e-06   -2.0909005890e-06    3.2063549629e-05    6.2687012632e-06
  452   -5.1759486276e-06    2.2602462701e-06    6.0002902046e-05   -1.1257189819e-05
  453    4.5858053690e-06    5.2167845465e-06    2.0996321598e-05    1.4073093032e-05
  454    6.2009081372e-06    7.1256611933e-06    1.2808606583e-05    1.8001006970e-05
  455    3.4400963450e-05    1.9168396984e-05    1.0414645564e-04    9.6963004477e-05
  456   -2.1282402249e-06    8.7887940114e-07    1.8539966450e-05   -4.1350011111e-06
  457   -1.3698550028e-05   -9.2947714858e-06    8.3975019614e-05   -3.8710166335e-05
  458   -4.9965925303e-06   -1.2907526466e-07    4.4630140374e-05   -1.2099987650e-05
  459    8.5606148373e-07    8.3506406398e-07    3.1790037008e-06    2.2890979424e-06
  460   -1.0398913776e-07   -5.1803837726e-06    4.0178725651e-05   -2.6029098333e-06
  461    6.6705713139e-06   -5.9880821965e-06    9.3064003258e-05    1.4674354317e-05
  462   -4.4496483884e-06    1.1662581239e-05    3.2221541131e-05   -1.8050709966e-06
  463   -5.3684515303e-06   -5.7735638570e-06    3.5334650529e-06   -1.3698754323e-05
  464   -1.1986027357e-05   -1.3390935938e-05    3.7681666417e-06   -3.2132254710e-05
  465    5.3281172316e-06   -7.0465464737e-06    3.5237569464e-06    1.4307681766e-05
  466   -2.8680204689e-05   -3.5899005557e-05    1.1080261431e-05   -8.7153168002e-05
  467   -1.2623443496e-05   -1.1963374685e-05    8.2381817374e-06   -3.5502111565e-05
  468   -2.5866712667e-06   -2.0140626447e-06    1.8836875316e-06   -7.0439747617e-06
  469    3.9734701067e-05   -1.3839634219e-06    7.4572363007e-05    9.6992439781e-05
  470    2.8382048446e-05    2.3126753298e-05   -1.3664849944e-05    7.9305242946e-05
  471    1.4948123913e-05    1.6013409469e-05    5.1094883127e-06    4.4013703627e-05
  472    3.7828343838e-05    5.5235690042e-05    1.7595310806e-05    1.0620158685e-04
  473    2.1905779257e-07   -4.3179118826e-07    1.6725321540e-05    6.8647790507e-07
  474   -7.0754824338e-06   -8.6098728265e-06    4.3734183967e-06   -1.9452278344e-05
  475    1.7154932445e-06    2.1738178103e-06    2.1201121157e-06    4.3876264020e-06
  476   -6.3648846965e-06   -3.5879613349e-06    1.8753398918e-05   -1.7023199523e-05
  477    3.7107418218e-06    2.7140942207e-06    2.0687986438e-05    9.8945058490e-06
  478   -5.2337329415e-06    2.0219494272e-05    3.2973930227e-05    3.8519423683e-06
  479    7.9190916054e-06    1.3897226741e-05   -2.7034207513e-06    2.1579043155e-05
  480   -6.4913629567e-06    2.1490393838e-06    3.9876356332e-05   -1.4068640933e-05
  481   -3.8470347473e-06   -2.4979752060e-06    3.8529649756e-06   -9.9947728569e-06
  482   -4.5614364836e-06   -2.0889974737e-06    1.0566753826e-05   -1.1872545458e-05
  483   -4.0588804317e-06   -2.1174974923e-06    4.3665218779e-06   -1.0781101802e-05
  484   -2.7535828448e-06   -2.0329093306e-06    1.8429465505e-06   -7.1362234847e-06
  485   -4.8655793726e-06   -6.4552647308e-06    1.5376122166e-05   -1.4269572540e-05
  486    1.3441678563e-05    2.3100406469e-05    3.5288156343e-05    4.3506951074e-05
  487   -8.4541118929e-07    6.0079628827e-07    1.1607119975e-05   -1.4656372458e-06
  488   -1.1632913935e-05   -1.3942671311e-05    1.6166702932e-06   -3.0755461005e-05
  489   -8.4668001911e-06   -9.7722119463e-06    2.8337380268e-06   -2.2200082254e-05
  490   -7.0597121968e-06   -6.5767354328e-06    5.1047088564e-06   -2.1783686081e-05
  491    1.3847034031e-05   -3.7079822289e-06   -1.0662708967e-05    3.9437083778e-05
  492    1.5825798634e-05    3.2457900620e-06   -1.4697738608e-05    4.6638673734e-05
  493    2.4783051947e-05    1.0514395704e-05    5.8656220134e-05    6.7679794590e-05
  494    1.0829466705e-05    1.9155304902e-05    3.0554262429e-05    3.4976662268e-05
  495    1.0494319057e-05    6.2238261561e-06    2.2756522400e-05    2.7041678514e-05
  496    1.3867442695e-05    1.7371773930e-05   -3.1340750032e-07    3.8100190100e-05
  497   -5.6730307794e-06   -6.6333879357e-06    1.4921449312e-05   -1.7087898546e-05
  498   -1.6754773100e-06   -1.7891596411e-06    1.3804806220e-05   -4.6973230290e-06
  499   -6.1603544829e-06   -7.2664742733e-06    5.1191018569e-06   -1.7221785571e-05
  500    6.0191580423e-06    9.3333699806e-06    2.6727719084e-06    1.5972686465e-05
  501    2.6545186108e-06    3.5310614124e-07    5.9550994049e-06    5.7899977699e-06
  502    3.3437932565e-05    6.3223331145e-05    6.5309701213e-05    1.2154229106e-04
  503    2.6357491117e-06    6.6155179436e-06   -5.0463780451e-06    8.2974707336e-06
  504   -3.0938345953e-06   -2.3669203682e-06    4.7869950812e-06   -8.6276750765e-06
  505    5.2091059707e-06    1.8585899230e-05    1.2807968257e-04    2.2280111312e-05
  506    2.2148941244e-06   -2.8053265627e-06    1.8846483099e-05    3.8045853319e-06
  507   -5.2665925552e-06   -6.2247113348e-06    8.5456039988e-07   -1.3751732415e-05
  508   -7.2750757455e-06   -8.4922369530e-06    1.3402771110e-06   -1.9394454649e-05
  509   -1.8347914415e-06   -1.9815080858e-06    1.4491443076e-06   -1.0015639070e-05
  510    8.8084448436e-06    4.2789050736e-06   -5.9746204641e-06    2.5469042873e-05
  511    4.9385280732e-05    2.8659611627e-06    1.1978345513e-04    1.2477522283e-04
  512    2.2744755567e-05    1.7116097542e-05    4.2712256992e-05    6.1947226668e-05
  513    5.4816849806e-06    5.2070552715e-06    1.5622336873e-06    1.3143036043e-05
  514   -1.0971575538e-05   -7.4004144599e-06    2.2158862152e-05   -2.9431746586e-05
  515    3.0481281317e-06   -5.1981385326e-07    9.5245013995e-07    6.3668601365e-06
  516   -1.3118962022e-07    7.8555975277e-07    1.0154208548e-05    2.5964140874e-07
  517    2.2552660263e-05    3.9988694199e-05   -3.7641338092e-06    6.4028861086e-05
  518   -4.0792893549e-06   -1.9047351987e-06    6.7190053890e-06   -1.0714024608e-05
  519   -2.5002438026e-06   -3.9636934210e-06    1.3122572310e-06   -6.9405602334e-06
  520   -4.1003813521e-06   -4.6132733180e-06    1.2826558789e-06   -1.0223443086e-05
  521   -4.3848353298e-06   -4.2082819883e-06    1.1202431063e-06   -1.2769507997e-05
  522    6.0781980981e-06    2.0407230349e-06   -6.5705951176e-06    1.7596166177e-05
  523    9.2062480137e-06    2.1545516877e-05    6.9207810371e-05    3.2083507444e-05
  524    5.1724822486e-06    3.4283001135e-06    1.5729235629e-05    1.3452340124e-05
  525    6.6470416003e-06    6.8164623373e-06    3.9047034598e-06    1.9308483542e-05
  526   -5.0772751493e-06   -2.9942782542e-06    9.4715152977e-06   -1.3655933495e-05
  527   -2.0756966572e-06   -3.0471285003e-06    2.4478041555e-07   -5.6549282583e-06
  528   -3.3740725473e-06   -5.0540775405e-06   -1.5762019057e-08   -9.2226937924e-06
  529   -2.6711835628e-06   -2.2073259062e-06   -2.9325998814e-07   -7.3506257745e-06
  530    8.1775638356e-06    4.0705706567e-06   -5.4970140916e-06    2.3293868502e-05
  531   -4.4217383730e-06   -3.5202694093e-06    5.8639689380e-06   -1.2448934736e-05
  532   -1.2211652684e-06   -1.6799968018e-06    9.7741768109e-07   -3.1517406605e-06
  533   -2.7269992700e-06   -4.3362630099e-06   -3.0779893609e-09   -7.9496587613e-06
  534   -1.1800581439e-06   -1.8100784810e-06   -1.1915413872e-07   -4.2950734578e-06
  535   -6.7979430414e-06   -5.3377042972e-06    6.3976649995e-06   -1.8991695926e-05
  536   -1.4860491979e-06   -1.6817355233e-06    6.0903757016e-08   -4.1150807670e-06
  537   -3.3381234748e-06   -1.5733009230e-06    4.8704662461e-06   -8.7147216587e-06
  538   -4.2098495475e-06   -2.9326991904e-06    1.5591856568e-05   -1.1672016139e-05
  539   -2.9373467058e-06   -2.2548274246e-06    1.7114518485e-06   -7.6057640979e-06
  540   -5.4499155380e-06   -5.2915399679e-06    3.2459805390e-06   -1.5005771169e-05
  541   -2.5712410965e-06   -3.1661459648e-06    9.2005909350e-07   -7.3473262191e-06
  542    1.8188999533e-05    7.0610595157e-06    2.6288440004e-05    4.7978644267e-05
  543   -1.2121227457e-05    8.0016652157e-06    3.7738667473e-05   -2.2182110168e-05
  544   -3.2575337764e-06   -9.8137015641e-06    1.8937510177e-05   -1.4275032382e-05
  545   -4.9780944520e-06    1.9788514160e-06    2.3897966321e-05   -1.0328348638e-05
  546   -3.5511017681e-06   -1.0739085631e-07    1.4578735086e-06   -8.4625870563e-06
  547   -2.4223710358e-06   -2.9025118448e-06    1.9917766249e-06   -6.7764956617e-06
  548   -4.2177609106e-06   -1.2191087640e-07    7.5778991299e-06   -9.6590707958e-06
  549   -1.3925501893e-06   -1.1170985273e-07    3.1903622331e-06   -3.2501251707e-06
  550    7.0639186603e-06    9.0868015609e-06    2.2736928636e-05    2.2736486367e-05
  551    2.6162319207e-06    2.6278563352e-06    3.0762343597e-07    5.6790749028e-06
  552   -7.1856151715e-06   -7.2990004236e-06    2.2165721992e-05   -2.1242037952e-05
  553   -1.3376424311e-05   -6.2814789565e-06    4.9461786114e-05   -3.3389371692e-05
  554   -1.7777627670e-06   -1.6440303690e-06    6.5411871893e-08   -4.3725636758e-06
  555   -6.3513382686e-07   -5.2531989314e-07    5.4429474221e-06   -1.6664935125e-06
  556   -2.5693268960e-06   -1.4098446962e-06    2.0980511523e-06   -6.8343764503e-06
  557    4.3325745286e-07    4.8544662752e-06    1.0080055958e-05    4.1474845600e-06
  558    6.4516971747e-06   -6.5046649765e-07    2.6607017155e-05    1.5433448171e-05
  559   -9.9908065408e-06    5.6781242160e-06    8.7379537314e-06   -1.9153119044e-05
  560   -4.4739934298e-06   -6.5677551446e-06    6.0271724257e-07   -1.2827623001e-05
  561   -9.5231005846e-06   -4.8969018573e-06    6.5112357762e-06   -2.5240350029e-05
  562    2.7712665244e-06   -1.7108869332e-06    1.8059266272e-05    5.8584280296e-06
  563   -6.8743848425e-06   -2.7997342568e-06   -1.0494325332e-06   -1.7938999121e-05
  564   -6.6111577162e-06   -4.3351152205e-06    1.3531930959e-06   -1.8113305474e-05
  565   -3.7692409204e-06   -2.3022572103e-06    4.4818644835e-06   -1.0107313436e-05
  566   -5.3397048295e-06   -4.5430785325e-06    3.4214715084e-06   -1.5230893772e-05
  567   -1.7354951878e-05   -1.8487787458e-05    7.9046349005e-06   -5.1780510478e-05
  568   -7.8759801008e-06   -8.7300670762e-06    5.4224599606e-06   -2.3617498689e-05
  569   -9.7747373887e-06   -5.7098288626e-06    4.2396759258e-06   -2.6226369872e-05
  570   -1.8711746387e-05   -1.6291099701e-05    2.1654964029e-05   -5.2774545376e-05
  571   -1.0915940327e-05   -1.0805327861e-05   -6.2128902741e-06   -3.2222621417e-05
  572   -8.5318277211e-06   -1.0607057040e-05   -5.7366692889e-06   -2.6420511354e-05
  573   -2.7382948988e-05   -3.2171870440e-05    4.6739754553e-05   -8.2235454219e-05
  574   -7.0339874843e-06   -4.4425705537e-06   -6.3632187232e-06   -1.9351630298e-05
