 --- dQ/dB  ---
Node           dQ/dB[0]            dQ/dB[1]            dQ/dB[2]            dQ/dB[3]
   0   -2.3210391276e-02   -6.8484930182e-02    1.2529191146e-02   -5.8398386837e-02
   1    8.2120235279e-03   -1.3504230079e-02   -5.0316422667e-03    1.0696773245e-02
   2    4.8430482846e-03   -9.9345187521e-03   -2.4347628302e-03    4.8968765487e-03
   3    3.3902643803e-03   -8.2756875686e-03   -1.6410478698e-03    2.5276396975e-03
   4    2.1795972360e-03   -7.2995142042e-03   -1.2857002851e-03    3.8685574744e-04
   5    1.3209880190e-03   -6.6474869387e-03   -9.7778713876e-04   -1.1226189089e-03
   6    4.1862504574e-04   -6.2024016145e-03   -8.5917337272e-04   -2.8131577068e-03
   7   -4.1852599164e-04   -5.8539776471e-03   -7.6059047671e-04   -4.3880717282e-03
   8   -1.2274517514e-03   -5.5534207566e-03   -6.9535915082e-04   -5.9060277557e-03
   9   -2.0692316305e-03   -5.2852745402e-03   -6.4842187175e-04   -7.4823454987e-03
  10   -3.1324414951e-03   -5.0402565788e-03   -6.0237587279e-04   -9.4905461712e-03
  11   -4.4834726709e-03   -4.8639564598e-03   -5.4695979829e-04   -1.2085691137e-02
  12   -5.8783598211e-03   -4.7138380199e-03   -4.7958528746e-04   -1.4737529641e-02
  13   -7.4645517101e-03   -4.6149151833e-03   -3.9882435549e-04   -1.7778661077e-02
  14   -9.2074988411e-03   -4.6204277182e-03   -3.7670339070e-04   -2.1185736321e-02
  15   -1.0908233727e-02   -4.6186462987e-03   -3.5362419173e-04   -2.4483173156e-02
  16   -1.2820464412e-02   -4.6671162490e-03   -3.4282097786e-04   -2.8143946507e-02
  17   -1.4637415280e-02   -4.7928853331e-03   -2.7698386813e-04   -3.1603466888e-02
  18   -1.5959886646e-02   -4.9541265423e-03   -2.4298008189e-04   -3.4242696301e-02
  19   -1.6915813728e-02   -5.0478805580e-03   -2.1482915074e-04   -3.6367471901e-02
  20   -1.7698351218e-02   -5.0125695261e-03   -1.6434927447e-04   -3.8328290386e-02
  21   -1.9116995320e-02   -4.9292366522e-03   -5.6588566125e-05   -4.1494253100e-02
  22   -2.1248093940e-02   -4.8352677307e-03   -1.1019461663e-04   -4.5927009396e-02
  23   -2.3515890923e-02   -4.6970569323e-03   -3.3730153184e-04   -5.0487464098e-02
  24   -2.4938358378e-02   -4.2366077091e-03   -7.8065884868e-04   -5.3733020811e-02
  25   -2.7727061225e-02   -3.5203629456e-03   -1.3113656758e-03   -6.0245642430e-02
  26   -2.9668925250e-02   -9.0115281903e-04   -3.1862106398e-03   -6.6408284827e-02
  27   -3.4212866740e-02    3.5064779857e-03   -3.2859667320e-03   -7.8836636996e-02
  28   -3.8509938105e-02    9.3967941983e-03   -1.2607057809e-02   -9.2295851539e-02
  29   -4.0704057458e-02    1.6816046838e-02   -2.9002741236e-02   -1.0414970761e-01
  30   -2.5118849112e-02    1.8033693416e-02   -5.7983156693e-02   -7.4457336874e-02
  31    1.4577049967e-02   -4.6986447788e-03   -8.1250899565e-02    1.8842668048e-02
  32    5.2394511796e-02   -2.8743728614e-02   -7.3049946425e-02    1.0643577384e-01
  33    8.4420225588e-02   -3.8630589916e-02   -5.0075936292e-02    1.7559774137e-01
  34    1.0921017706e-01   -3.7462525870e-02   -2.6802893921e-02    2.2158005222e-01
  35    1.3542188098e-01   -2.8933623597e-02   -1.6762735125e-02    2.6788671863e-01
  36    1.9032299813e-01   -1.9238319193e-02   -1.0989289573e-02    3.6755754214e-01
  37    3.1155863147e-01   -4.3133642658e-03   -6.8696146660e-03    5.9029906665e-01
  38    5.2758716379e-01    6.7239627088e-03    4.4210417938e-03    9.8053189208e-01
  39    8.8046277159e-01   -1.3804028887e-02    1.3016515311e-02    1.6220611008e+00
  40    1.2912871307e+00   -4.8319809864e-02    1.4476059191e-02    2.3752275862e+00
  41    2.9593342774e+00   -2.2795845906e-01    9.3117233229e-02    5.3342238330e+00
  42    1.8116368887e+01    5.0100715553e+00    7.1634460054e+00    3.7141649665e+01
  43   -3.9087473635e+00    3.1479239828e-01    2.5204389870e+00   -7.0019566392e+00
  44   -2.2762238515e+01   -7.2627061234e+00   -6.5440120512e+00   -4.6521570812e+01
  45   -2.6356144159e+00   -9.9650919320e-01   -1.8984645958e+00   -5.3897240021e+00
  46    6.4470272527e-01    2.3003907123e-01   -6.6824514975e-01    1.4696655480e+00
  47    9.5926894460e-01    1.1808931526e-01   -1.8690306650e-01    1.9455160448e+00
  48    5.6828883372e-01    5.1360580233e-02   -4.3046358395e-02    1.1597342812e+00
  49    2.7558929855e-01   -6.0484131881e-02    7.5517259598e-03    5.3017789949e-01
  50    1.2728574614e-01   -1.2809125881e-01    2.3707104242e-02    2.0560146250e-01
  51    1.2859977094e-01   -1.6188625999e-01    2.3788917754e-02    1.8953181846e-01
  52    1.2809559600e-01   -1.7575008339e-01    2.0675692421e-02    1.8484557245e-01
  53    1.1029281468e-01   -1.8223427545e-01    1.7635470004e-02    1.5217469151e-01
  54    8.7061092602e-02   -1.8198118291e-01    1.7374179279e-02    1.1090776795e-01
  55    6.9706211503e-02   -1.7647977243e-01    1.6546384540e-02    8.2657543010e-02
  56    4.9959640169e-02   -1.7150727867e-01    1.6052863011e-02    4.9239399291e-02
  57    3.1080663809e-02   -1.6522913516e-01    1.5617601680e-02    1.7808702402e-02
  58    1.2497790147e-02   -1.5885173722e-01    1.5152366692e-02   -1.3424990430e-02
  59   -4.9415050829e-03   -1.5068226523e-01    1.3573804204e-02   -4.2053008098e-02
  60   -1.8266883373e-02   -1.4072541060e-01    1.2226520163e-02   -6.2120642741e-02
  61   -3.7754380189e-02   -1.2865457025e-01    9.2673408406e-03   -9.5300512859e-02
  62    0.0000000000e+00    0.0000000000e+00    0.0000000000e+00    0.0000000000e+00
  63    0.0000000000e+00    0.0000000000e+00    0.0000000000e+00    0.0000000000e+00
  64    0.0000000000e+00    0.0000000000e+00    0.0000000000e+00    0.0000000000e+00
  65    0.0000000000e+00    0.0000000000e+00    0.0000000000e+00    0.0000000000e+00
  66    0.0000000000e+00    0.0000000000e+00    0.0000000000e+00    0.0000000000e+00
  67    0.0000000000e+00    0.0000000000e+00    0.0000000000e+00    0.0000000000e+00
  68    0.0000000000e+00    0.0000000000e+00    0.0000000000e+00    0.0000000000e+00
  69    0.0000000000e+00    0.0000000000e+00    0.0000000000e+00    0.0000000000e+00
  70    0.0000000000e+00    0.0000000000e+00    0.0000000000e+00    0.0000000000e+00
  71    0.0000000000e+00    0.0000000000e+00    0.0000000000e+00    0.0000000000e+00
  72    0.0000000000e+00    0.0000000000e+00    0.0000000000e+00    0.0000000000e+00
  73    0.0000000000e+00    0.0000000000e+00    0.0000000000e+00    0.0000000000e+00
  74    0.0000000000e+00    0.0000000000e+00    0.0000000000e+00    0.0000000000e+00
  75    0.0000000000e+00    0.0000000000e+00    0.0000000000e+00    0.0000000000e+00
  76    0.0000000000e+00    0.0000000000e+00    0.0000000000e+00    0.0000000000e+00
  77    0.0000000000e+00    0.0000000000e+00    0.0000000000e+00    0.0000000000e+00
  78    0.0000000000e+00    0.0000000000e+00    0.0000000000e+00    0.0000000000e+00
  79    0.0000000000e+00    0.0000000000e+00    0.0000000000e+00    0.0000000000e+00
  80    0.0000000000e+00    0.0000000000e+00    0.0000000000e+00    0.0000000000e+00
  81    0.0000000000e+00    0.0000000000e+00    0.0000000000e+00    0.0000000000e+00
  82    0.0000000000e+00    0.0000000000e+00    0.0000000000e+00    0.0000000000e+00
  83    0.0000000000e+00    0.0000000000e+00    0.0000000000e+00    0.0000000000e+00
  84    0.0000000000e+00    0.0000000000e+00    0.0000000000e+00    0.0000000000e+00
  85    0.0000000000e+00    0.0000000000e+00    0.0000000000e+00    0.0000000000e+00
  86    0.0000000000e+00    0.0000000000e+00    0.0000000000e+00    0.0000000000e+00
  87    0.0000000000e+00    0.0000000000e+00    0.0000000000e+00    0.0000000000e+00
  88    0.0000000000e+00    0.0000000000e+00    0.0000000000e+00    0.0000000000e+00
  89    0.0000000000e+00    0.0000000000e+00    0.0000000000e+00    0.0000000000e+00
  90    0.0000000000e+00    0.0000000000e+00    0.0000000000e+00    0.0000000000e+00
  91    0.0000000000e+00    0.0000000000e+00    0.0000000000e+00    0.0000000000e+00
  92    0.0000000000e+00    0.0000000000e+00    0.0000000000e+00    0.0000000000e+00
  93    0.0000000000e+00    0.0000000000e+00    0.0000000000e+00    0.0000000000e+00
  94    3.9869686441e-03    7.3243144882e-05    3.6161299361e-03    8.4508671616e-03
  95    2.4066598714e-03    9.9663722830e-04   -2.5483797404e-03    5.6060633025e-03
  96    1.8363038645e-03    1.0241088089e-03   -3.9938273666e-03    4.4821224954e-03
  97    3.9316763623e-03   -9.9274292120e-04   -5.9974245500e-04    7.6472650878e-03
  98   -4.9486292841e-05    1.0848317578e-03   -4.1056135644e-03    7.3002675016e-04
  99   -4.6279823307e-04   -5.6972873086e-04   -4.0307342700e-03   -8.2794606726e-04
 100    2.2061643179e-03    2.8157194243e-03    1.0303355893e-02    6.7380098834e-03
 101   -1.1477449546e-03    1.6367615041e-03   -2.6529108250e-05   -1.3479830585e-03
 102    3.2061176380e-03   -5.4030978580e-04   -1.2621060707e-03    6.3795194016e-03
 103    3.8218804788e-04   -3.3737555194e-03   -3.7931443368e-03   -7.5617059281e-04
 104   -2.8561252019e-02    1.0164684838e-02   -5.2490536952e-04   -5.0133247598e-02
 105   -9.4254256577e-02    1.2505130598e-03   -3.7158093978e-02   -1.8172872467e-01
 106   -2.0972394266e-03   -3.4868842591e-03   -1.9299699741e-03   -6.0678341018e-03
 107   -4.0676441772e-01   -6.1056971479e-03   -1.2908386572e-01   -7.8155486321e-01
 108   -3.0093412995e-02   -6.1475553903e-02   -3.2621584511e-02   -7.2359057679e-02
 109   -9.4528055161e-03   -1.9330205325e-03   -1.4258280796e-03   -1.9559639242e-02
 110   -7.6212675726e-03   -3.3794077092e-03   -7.7700545997e-04   -1.7056238844e-02
 111   -1.6368882916e-03   -4.4855491987e-03   -1.4329125581e-03   -5.9206800795e-03
 112    2.3259095139e-02   -1.2319583373e-01   -1.9267547040e-02    1.2223044776e-02
 113   -9.9138450338e-03   -3.9783486616e-03   -3.6264372269e-04   -2.2043772585e-02
 114   -5.2982357168e-03   -4.2145956169e-03   -7.0936208782e-04   -1.3171335200e-02
 115   -1.1494636898e-02   -2.9881139674e-03   -6.8001842143e-04   -2.4297796974e-02
 116    8.1298848764e-03   -1.4554458194e-03   -8.2040044616e-03    1.6372529243e-02
 117   -1.3691585898e-02    6.9964811722e-05   -3.4112313568e-03   -2.6942326836e-02
 118   -1.5184684876e-02   -3.2748634915e-03   -6.3286765290e-04   -3.1878585971e-02
 119   -8.1243791694e-04    1.6835687511e-03   -6.7379054058e-03   -2.8809838959e-04
 120   -1.6634693212e-02   -4.0507731836e-03   -4.7697920223e-04   -3.5547891097e-02
 121   -1.7683264764e-02   -6.8013678023e-04   -3.0468231778e-03   -3.6117311342e-02
 122    3.3114707865e-03    8.5137663586e-04   -5.9343398032e-03    7.4992571708e-03
 123    3.3003969779e-03   -6.3801806061e-04    1.0472734093e-03    6.5412574468e-03
 124    3.2468712385e-03    3.7484378934e-04    2.4347780004e-03    7.0374368555e-03
 125    1.3223409061e-01    1.7583999482e-01    4.3023237463e-01    3.8163628522e-01
 126    1.1990674446e+00   -1.2971132995e-01    4.1388620976e-01    2.1952918484e+00
 127   -1.6596319424e+00    1.1712355475e-01   -2.6064368000e-01   -2.9947768468e+00
 128   -2.3611563593e-03   -1.4381584035e-03   -1.9563016788e-03   -4.6577047996e-03
 129   -6.3326915496e+00   -4.5799141346e-01   -2.2608154413e+00   -1.1930383387e+01
 130   -3.6550911118e-01   -2.8013485479e-01   -2.5477680646e-01   -8.4011425932e-01
 131    1.8495651233e-02   -1.4428934378e-01    5.5566349619e-03    1.6883429765e-03
 132   -2.0857726679e-02   -2.0378596366e-02   -1.4385591537e-02   -4.5343735744e-02
 133   -1.6572185136e-01   -2.9353589204e-01   -1.0183220102e-01   -4.6347203033e-01
 134   -4.7581663387e-03   -5.3562090097e-03   -1.9103343924e-03   -9.7471744009e-03
 135    7.8245491175e-02   -2.0190642855e-01    3.8032660563e-03    6.2898757869e-02
 136   -2.3787602332e-03   -1.5355116801e-01    1.1234734397e-02   -4.0094932796e-02
 137   -4.7668292757e-03   -7.9456200730e-03    1.0961571303e-03   -1.0395483097e-02
 138   -2.2607041283e-02   -1.4624833531e-01    8.3609027646e-03   -7.4850608089e-02
 139   -1.6780344119e-01   -3.9264531526e-02   -1.0065226368e-01   -3.4240796623e-01
 140    3.3881651063e+00   -4.1154628150e-02    1.6866028762e+00    6.3296637470e+00
 141    5.5047950642e-04    1.6068892217e-03    1.0911413436e-03    2.1177031240e-03
 142    1.3653502490e-01   -1.7587476554e-01    2.4698463340e-02    1.9881957714e-01
 143    1.9944616292e-03    1.3617688310e-03    1.9345069810e-03    4.9930307000e-03
 144    2.6189614921e-03    8.1997599821e-04    2.1180693126e-03    5.9761634308e-03
 145    6.1526003211e-01   -7.5542286837e-02    4.6803531498e-02    1.1258581134e+00
 146    1.8290712500e-03   -3.1640264853e-04   -1.1568605206e-04    3.6419022909e-03
 147    2.2672202482e-02   -4.4444070868e-03    2.8291439182e-02    4.5609873656e-02
 148    2.3617106715e-03   -4.6041872537e-04    2.9483831245e-04    4.6727927305e-03
 149    1.3057732096e-02   -5.1085789488e-03   -4.1408739600e-03    2.4619631001e-02
 150   -1.5454880953e-02   -2.1446150522e-03   -1.3957482486e-03   -3.1894408914e-02
 151   -2.0902653386e-02   -2.2135682398e-03   -1.7408322471e-03   -4.4204863126e-02
 152    1.9748888969e-03    1.2343305378e-03   -1.7155993435e-03    4.8247588147e-03
 153    1.4962608108e-02   -4.8585592216e-03   -1.2005323309e-02    2.9326570639e-02
 154   -1.7936697372e-02    2.6190077218e-03   -8.9680339571e-03   -3.6648068624e-02
 155    3.3340305627e-03   -3.1988833804e-05   -2.0126765818e-03    6.9318371487e-03
 156   -2.1841054065e-02   -7.7875741411e-04   -3.1559300603e-03   -4.6292465594e-02
 157   -1.4757206968e-02   -4.2696168046e-03   -2.6280572614e-04   -3.1592757677e-02
 158    2.8754520542e-03    6.4750722562e-04   -2.0342813479e-03    6.3676356632e-03
 159    1.9996318934e-03   -5.1596489969e-03   -4.8027548397e-03    1.6333452368e-03
 160   -4.6226905859e-03   -6.1606767798e-03    8.0500053672e-04   -9.6637507330e-03
 161    2.0078734786e-02   -9.3126535039e-03    2.0337803167e-03    3.7113695939e-02
 162   -2.0053778305e-03   -1.1602904304e-03   -3.1595411676e-03   -4.3039953823e-03
 163    1.2687007001e-04    9.3071881313e-04   -2.9454531938e-04    8.9611811305e-04
 164   -7.8841132511e-03   -1.4980971064e-02    1.4797490931e-03   -1.8040863559e-02
 165   -2.7896758126e-03   -1.8668044777e-03   -9.3689368937e-04   -5.9054273471e-03
 166    7.5956380075e-03   -2.2530181498e-03    3.7644512597e-03    1.4660240888e-02
 167    5.5426059298e-03   -1.5290414157e-03   -2.1354423615e-03    1.0707582687e-02
 168    5.8798371283e-03   -1.8641723942e-03   -5.4329936661e-04    1.1221734120e-02
 169    4.1224385461e-03   -9.1894231669e-03   -5.3573988322e-03    4.7753683674e-03
 170    7.6297670515e-03    1.6232427313e-02    5.9367737139e-02    2.9462294338e-02
 171    8.6670111021e-02   -4.9619345910e-02   -6.5999914173e-03    1.5532473960e-01
 172   -6.3819464216e+00    7.0894441253e-01   -1.3636827382e-01   -1.1172795015e+01
 173    3.9552672505e-01   -2.5936223691e-02   -1.3152047687e-02    7.3701051626e-01
 174    2.0645907206e-05   -5.3921520693e-03   -1.4588847991e-03   -3.1033571934e-03
 175   -3.1852348037e-02   -1.1608657634e-01   -1.0882716265e-02   -8.5155744722e-02
 176    5.2075622370e-02   -1.5560995590e-01    8.8670518969e-03    5.8766867350e-02
 177   -6.5268660254e-03   -4.4976671498e-03   -4.3244105449e-04   -1.5863649416e-02
 178   -1.2687965234e-02   -1.4039873930e-03   -1.8628824182e-03   -2.5683095339e-02
 179    3.9754481929e-04   -4.3010714990e-03   -2.8529951970e-03   -1.4096868561e-03
 180   -3.7242624207e-03   -4.7145091719e-03   -6.3663133931e-04   -1.0449496202e-02
 181   -1.3462136239e-02   -4.4343145711e-03   -2.3701764301e-04   -2.9210335639e-02
 182   -1.5908846185e-02    1.5036320522e-03   -6.7006559953e-03   -3.1834364966e-02
 183    7.1631341303e-03   -2.4055054060e-03   -2.8603506720e-02    1.6273489623e-02
 184   -1.7936890184e-02   -4.3779893377e-03   -2.4352347291e-04   -3.8694519611e-02
 185   -5.5254581688e-03    1.6526513713e-03   -6.1039943331e-03   -9.6389006110e-03
 186   -1.0626445568e-02    5.1456297778e-03   -2.3748413766e-02   -1.9890134251e-02
 187   -1.9413580410e-02   -4.0402967527e-03   -2.7223580161e-04   -4.1670204265e-02
 188    1.4867105895e-01   -6.5035788566e-02   -3.2276286421e-03    2.6764486276e-01
 189    7.6451928999e-02    1.7607551228e-02    1.2939211546e-01    1.6990186440e-01
 190    7.6202349252e-01    9.6848939080e-01    1.8568455970e+00    2.1245479208e+00
 191   -1.6580729336e-01   -4.7304974213e-01   -4.2515695559e-01   -5.8277049964e-01
 192    7.7939767384e-02   -1.7362005845e-01    1.5232963699e-02    9.8937211424e-02
 193    9.9294951295e-02   -1.8117545223e-01    1.8770226476e-02    1.3381689050e-01
 194   -4.8508545292e-03    1.9123584938e-04   -1.8571516098e-03   -9.1960762116e-03
 195   -3.7644938811e-02   -1.3993125995e-01    7.4669520192e-03   -1.0067586622e-01
 196   -1.1846993275e-03   -7.0659189610e-05   -6.1892149912e-04   -2.1544364959e-03
 197   -1.4006760818e-02   -1.3625179588e-01    2.1094595098e-04   -5.5798182874e-02
 198    2.0471947804e-03    1.3389470310e-03    2.9656061822e-03    5.1389100086e-03
 199    2.1881491978e-01   -3.4900850687e-02   -1.8265154894e-02    4.1040845129e-01
 200    8.0717539919e-02   -5.0229985760e-02   -2.8931091450e-02    1.4415074383e-01
 201   -2.0754583718e-02    4.2751211682e-03   -1.0901169162e-02   -4.3938997329e-02
 202    4.4786511166e-03    7.3302055537e-04   -1.5922963326e-02    1.0862864830e-02
 203   -1.2192811671e-02    1.6520552593e-03   -6.4708622904e-03   -2.3391643067e-02
 204    4.4821159451e-03   -4.3177268427e-04   -3.2780301478e-03    9.1246351808e-03
 205    5.4553179085e-03   -5.8273620374e-04   -4.7153176620e-03    1.1107471076e-02
 206   -2.3159765139e-02    5.8108972079e-04   -4.6400004977e-03   -4.9874654584e-02
 207   -5.4249531645e-03   -9.7466929194e-03    3.9038019276e-04   -1.3559727297e-02
 208    4.7396617298e-02   -1.8638333266e-02    3.0803276355e-02    8.9615657162e-02
 209    4.9746940944e-02   -3.6930722624e-02   -3.7723339534e-02    9.0450636359e-02
 210   -1.3853809655e-02   -3.4694990103e-02    3.0637041761e-03   -3.4615603761e-02
 211    9.0229637761e-03   -3.2654196791e-03   -2.1714998202e-04    1.7036087652e-02
 212    4.4169058189e-03   -7.5105966890e-03   -3.4347408251e-03    5.2605297451e-03
 213    2.5646051083e-02   -1.3290304435e-02   -6.5582555019e-03    4.7320258334e-02
 214    5.8208619014e+00    1.7295291032e+00    4.7570955327e+00    1.2046664082e+01
 215    2.7413881730e-01   -6.8601256864e-02   -1.9916506805e-03    5.0233023523e-01
 216    1.6121243340e-03   -6.2202824003e-03   -1.9623567660e-03   -1.8336698826e-04
 217   -3.6434947281e-02   -8.4372139797e-02   -5.0672498802e-03   -8.5865658894e-02
 218    6.7027795203e-03   -1.9174109012e-01   -6.5486395270e-02   -6.5302188323e-02
 219    3.1574357129e-03   -7.1933451418e-03   -2.2012930048e-03    2.5885236177e-03
 220   -2.2595229909e-03   -4.9860871876e-03   -7.1191841033e-04   -7.6724603781e-03
 221   -1.2700439977e-02   -3.9191791701e-03   -3.0195251230e-04   -2.7371713029e-02
 222    5.4379574066e-02   -3.7947570097e-02   -2.2926023928e-02    9.7361195728e-02
 223   -3.8631342347e-03    3.5383937558e-03   -1.8783454545e-02   -4.8990068890e-03
 224   -9.0762509508e-03    1.3976819702e-05   -3.3005115414e-03   -1.7587237533e-02
 225    9.2608722468e-03   -3.6090511468e-03   -4.0594370608e-02    2.0678403212e-02
 226   -2.1151083451e-02   -3.7934912100e-03   -4.2572359735e-04   -4.5194135789e-02
 227    6.3295947306e-02   -4.3684599105e-02   -4.4726450962e-02    1.1516238545e-01
 228    1.3887277638e-01   -4.3230449920e-02    8.6017334214e-02    2.5930867817e-01
 229    1.4949416085e+00    1.8217012463e-01    1.1872866990e+00    2.9565909728e+00
 230   -1.4052902415e+00   -5.0478184900e-01   -7.2456450215e-01   -2.9315708681e+00
 231   -7.3170433490e-03   -1.2159494722e-02   -3.0684459947e-03   -1.5748823889e-02
 232    1.8433640614e-03   -1.2159581280e-01   -7.9436989243e-03   -2.2602493122e-02
 233   -4.6462839753e-02   -1.1928723687e-01   -7.4521482745e-03   -1.1292532638e-01
 234   -3.9226250681e-02   -9.6449263187e-02   -1.6582306903e-02   -9.4682342544e-02
 235    4.1353096607e-01   -9.5051855797e-02    7.5497062306e-02    7.5259758574e-01
 236    1.8184206585e-02   -1.2812091377e-02   -5.0420181739e-02    3.6590698027e-02
 237   -1.8544105695e-02    8.2422826564e-03   -2.0264696213e-02   -3.8875966091e-02
 238   -5.9564426058e-03    4.9307852246e-04   -3.6993078989e-03   -1.1166304814e-02
 239   -9.1340025654e-03    1.4275781668e-03   -6.0614526329e-03   -1.7004893227e-02
 240    3.9135128249e-03    4.3077813539e-04   -4.1881405772e-03    8.4627819863e-03
 241    2.3472128241e-02   -1.0411214724e-02    1.0590826239e-02    4.3709527819e-02
 242   -1.8472259988e-02   -3.8639945210e-02   -4.4000801622e-03   -4.1446206822e-02
 243    4.9308119365e-03   -1.2736622756e-03    6.5194173011e-04    9.5903576192e-03
 244    2.6566589217e-02   -1.4617948196e-02   -2.2757516042e-02    5.0668072404e-02
 245    2.4069320648e-03   -5.9442855638e-03   -3.4959754341e-03    1.8494744847e-03
 246   -1.7627613055e-01   -1.0715504133e-01   -1.5216779530e-01   -3.8320512958e-01
 247   -8.2187254689e-01   -4.2753367280e-02   -2.7274262238e-01   -1.5698349238e+00
 248    4.9506650224e-03   -8.4476903472e-03   -2.4736293583e-03    5.8558327964e-03
 249    3.8647007461e-02   -2.3114257819e-02   -2.0537168140e-03    7.0071962455e-02
 250    9.5604143491e-03   -1.1293551205e-03   -2.0782267329e-02    2.1147789386e-02
 251    3.0008578733e-02   -1.8842712701e-02   -3.1710120120e-02    5.7409188514e-02
 252    9.8636097889e-02   -4.2525245392e-02   -3.1824712693e-02    1.8794568923e-01
 253    2.2229703656e-01   -7.4420235885e-02    7.5602032908e-02    4.0461625042e-01
 254   -1.5386452157e-02   -9.1477100295e-02   -1.8505336988e-02   -4.7766795808e-02
 255   -2.4277215627e-02   -4.6316185764e-02   -1.5933337831e-02   -5.6275895055e-02
 256    2.8905930043e-01    2.1713217890e-04    2.4800439918e-01    5.7632515749e-01
 257    1.0942881796e-01   -5.3061799943e-02    2.7683152506e-02    1.9759626846e-01
 258    2.8285552256e-02   -2.2161295654e-02   -5.7097844382e-02    5.3864361016e-02
 259   -9.0231969674e-03    7.9992351520e-03   -3.5409645341e-02   -1.7860048374e-02
 260    2.1060278854e-03    1.1436417036e-03   -3.0991541966e-03    5.0896003412e-03
 261    3.6263421377e-03    4.2921346477e-04   -2.9949265351e-03    7.8313318053e-03
 262    1.1642340292e-02   -4.8173575462e-03    2.6484779824e-03    2.1682686402e-02
 263   -9.5176473147e-03   -8.0633313804e-03   -5.4494360045e-03   -2.0153795166e-02
 264    9.4787883542e-03   -1.7680548914e-03   -1.3826995490e-02    1.9594366352e-02
 265    1.9374335425e-02   -8.1077887293e-03   -1.0916234312e-02    3.6915574908e-02
 266    1.0257068639e-03   -5.3149341817e-03   -2.3111270064e-03   -8.2785862610e-04
 267    6.6427734757e-03   -9.3377692245e-03   -4.5871480933e-03    9.2586611267e-03
 268    2.1139155004e-02   -9.4120859440e-03   -2.1859934306e-02    4.1653288374e-02
 269    1.6325619501e-02   -6.9995283791e-03   -3.5391013585e-03    3.0518847627e-02
 270    1.8518354961e-02   -9.2631771254e-03   -3.1087560010e-02    3.7455666035e-02
 271    1.3557853480e-01   -3.9921537853e-02   -2.1777328257e-02    2.5565078712e-01
 272   -4.1492679059e-02   -7.7491926553e-02   -5.9241519793e-02   -1.0239448012e-01
 273   -2.6124733032e-02   -6.0446447536e-02   -9.2621573053e-03   -6.0631664756e-02
 274   -2.1155703778e-02   -4.3115640580e-02   -7.4355192579e-03   -4.7932040736e-02
 275    6.9056551221e-01   -6.5842698294e-02    3.9187619493e-01    1.2986047346e+00
 276    7.1978298943e-02   -3.2919215731e-02    3.2174217030e-02    1.3271108115e-01
 277    4.7562100725e-02   -3.5620716299e-02   -5.8818074836e-02    8.8623096461e-02
 278    1.3901980900e-03    1.6559488114e-03   -4.8563609771e-02    3.4370661872e-03
 279    9.2426042375e-04    1.3040495461e-03   -1.6603043216e-03    2.7091146659e-03
 280    6.9443445883e-03   -2.2555265211e-03    1.2608095512e-03    1.3249937370e-02
 281   -1.1548388945e-02   -2.1723189980e-02   -3.6263763162e-03   -2.5249965363e-02
 282    5.7279021970e-03    7.7093831319e-05   -1.1118989882e-02    1.2504702873e-02
 283   -4.6054090541e-04   -4.5863159936e-03   -1.9374450641e-03   -3.4884214628e-03
 284    1.1023092172e-02   -4.2498406683e-03   -1.3090288180e-03    2.0718789440e-02
 285    1.4732698119e-01   -5.6161874484e-02   -2.0508667906e-02    2.6864733571e-01
 286   -1.6545719417e-02   -3.7679264975e-02    6.1565702935e-04   -3.8754017506e-02
 287   -1.9950500652e-02   -3.2778344938e-02   -1.1421893091e-02   -4.5173276231e-02
 288    4.1744119095e-02   -2.1675320760e-02    1.1267692279e-02    7.6524258841e-02
 289    4.0527231615e-02   -3.3471485239e-02   -5.0343735969e-02    7.4408309780e-02
 290    1.1003903122e-03    1.3473293148e-03   -9.2317373954e-04    3.0717984600e-03
 291    5.6204780385e-03   -1.5487711891e-03    1.7678540142e-03    1.0883067558e-02
 292    4.7817557247e-03    2.5337109077e-04   -7.7540042681e-03    1.0308658371e-02
 293    1.0041696095e-01   -5.0048383970e-02   -3.4770791774e-02    1.8434937181e-01
 294   -8.7037988816e-03   -1.6891069987e-02    1.5848558629e-03   -2.0529211042e-02
 295   -1.4643149449e-02   -1.4743281129e-02   -8.6284468842e-03   -3.1579838300e-02
 296    3.2954075380e-02   -2.4644060748e-02   -4.2930132767e-02    6.2159247927e-02
 297    4.0368507004e-02   -2.7606194486e-02   -2.8901183508e-02    7.4466479383e-02
 298    5.0673654828e-03   -8.7475010568e-04    3.0275943877e-03    1.0139267914e-02
 299    6.2772824272e-03   -2.4373368879e-04   -6.9705159866e-03    1.3104724372e-02
 300   -9.9407530763e-03    3.6230183853e-03    9.2442965036e-04   -1.7638982941e-02
 301    3.8792798818e-02   -2.5409728788e-02   -1.4373693349e-02    7.0384926820e-02
 302    3.8700089577e-03   -3.5875510340e-04    2.3010324965e-03    7.9159211186e-03
 303    7.2680795160e-03   -1.4535532888e-03   -5.6589040908e-03    1.4442387108e-02
 304    4.7060065400e-03   -4.4456216486e-06   -5.6157894434e-03    9.8886716149e-03
 305   -1.0023609165e-03    2.2498349295e-03    2.7853412132e-03   -6.2611831275e-04
 306    8.5624573876e-03   -2.6698471767e-03   -4.8237509969e-03    1.6447060336e-02
 307    8.4760427788e-03   -2.9351238218e-03   -2.1830005355e-03    1.6081388887e-02
 308   -1.2067997911e-01    3.9514803729e-02    1.8615725798e-02   -2.0811874688e-01
 309   -6.3918662585e-04   -5.5007135513e-03   -9.0326096325e-04   -4.6342132576e-03
 310   -9.8481924837e-04   -2.7496366850e-03   -2.9357926784e-03   -3.2390844229e-03
 311   -5.7859616875e-03   -1.5605691439e-02    1.3930080922e-03   -1.6173557249e-02
 312   -6.5832648402e-01   -7.9202830410e-01   -1.0346632415e+00   -1.6960347148e+00
 313   -3.9487624282e-04    1.2320511611e-03   -1.5950079035e-04   -7.3469941242e-05
 314    8.5753416201e-02   -1.5664084587e-01    7.9377742671e-03    1.1943817348e-01
 315    1.2250545754e-01   -1.8031276288e-01    2.1005432234e-02    1.7473005420e-01
 316   -1.1545449219e-02   -4.3642077507e-03   -2.4368867341e-04   -2.5529350389e-02
 317   -8.3674091544e-03   -4.3935603933e-03   -3.5078945165e-04   -1.9389713612e-02
 318   -2.8869039381e-03   -4.5555858641e-03   -8.9640755374e-04   -8.5881543654e-03
 319    3.4845220043e-02   -1.6563400076e-01    1.4227785464e-02    2.3527644033e-02
 320   -1.5078149618e-03    7.5777234487e-04   -4.0957427668e-03   -2.2480287853e-03
 321   -1.6003483638e-02   -4.4697809232e-03   -3.0154993710e-04   -3.4257178894e-02
 322   -1.7625167525e-02   -2.7988585116e-03   -1.0931723738e-03   -3.7025645505e-02
 323    1.6797028458e+00   -1.7606206532e-01    2.5807287645e-01    3.0209156667e+00
 324   -4.2338392445e+00   -1.7781774462e+00   -2.6654096271e+00   -8.9399182536e+00
 325   -2.8751566972e+00   -9.2980857459e-01   -1.9197784862e+00   -5.9145103093e+00
 326    1.1864585681e-01   -1.6693802957e-01    3.7566832143e-02    1.6073700801e-01
 327    1.3093394473e-01   -1.6119322873e-01    3.1178206996e-02    1.9248494458e-01
 328   -1.9663829753e-02   -9.1817976555e-04   -7.6068343240e-03   -3.8102089084e-02
 329   -5.6951908411e-02   -3.5440875690e-02   -4.7650077793e-02   -1.2219855416e-01
 330    5.7499938303e+00   -4.1877330034e-01    1.7656513823e+00    1.0397163410e+01
 331    6.6553976464e-01   -2.4269142807e-02    1.6550484042e-02    1.2274374052e+00
 332   -5.0436799515e-03   -4.6348887728e-03   -5.5447969480e-04   -1.3043133373e-02
 333   -4.2754040308e-04   -4.4721882864e-03   -3.9144338396e-03   -2.7221282561e-03
 334    9.6960456997e-03   -1.9990769595e-03    1.0517073041e-02    1.9374864513e-02
 335    5.7959701705e-03   -1.2893949242e-03   -3.5021861742e-03    1.1388634347e-02
 336    5.3338565564e-03   -1.3955227551e-02   -2.8618989442e-03    6.8698235545e-03
 337    1.0151868679e-03   -6.1480987745e-03   -1.1861786067e-03   -1.4914914637e-03
 338   -1.4019354455e-03   -5.2698969855e-03   -7.6363275148e-04   -6.0985279715e-03
 339   -5.0206964775e-02    1.8793734069e-02    7.4412185169e-03   -8.6728656479e-02
 340   -1.3653457709e-02   -3.2429013364e-03   -5.6583110801e-04   -2.8756902259e-02
 341   -1.3327244774e-02    4.6223090466e-03   -1.6437869074e-02   -2.5737422638e-02
 342   -4.1289600783e-02   -7.0370128391e-03   -2.0166780833e-02   -8.2412160474e-02
 343   -5.1063994344e-02   -1.2856760853e-01    4.0633420045e-03   -1.2350244383e-01
 344    1.6115687818e-02   -1.6150774641e-01    1.3233640307e-02   -8.9227806921e-03
 345    8.6821180911e-03   -3.0817172259e-03   -1.1612558925e-03    1.6429018057e-02
 346    3.8695118887e-03   -9.7210623995e-04    2.6271878839e-04    7.5340293115e-03
 347   -3.7968094446e-03    2.8856410594e-03   -2.3640967489e-02   -5.1471572338e-03
 348    4.4068257266e-03   -8.5547663398e-04   -2.1770754737e-03    8.7135828331e-03
 349   -6.7558411865e-03   -1.0939085970e-03   -2.3156584740e-03   -1.3699505819e-02
 350   -4.9044714734e-03   -1.1157322333e-02    1.1661304734e-04   -1.3041387614e-02
 351    6.8568008937e-02   -1.5262096742e-02    6.4727729718e-02    1.3478488978e-01
 352    2.0596707673e-03   -6.7319743002e-03   -1.3766395912e-03    4.2314960425e-04
 353   -2.9209336661e-02   -6.8873358128e-02    7.2940239133e-03   -7.0716494927e-02
 354   -4.1273259699e-03   -6.4844303371e-03    8.9678257979e-04   -9.7199233107e-03
 355    1.0788712239e-01   -1.7371788752e-01    8.3303530046e-05    1.4469531211e-01
 356    6.7196859188e-05    1.2499755120e-03   -4.9320383990e-03    1.0745311751e-03
 357   -5.9531265029e-03    4.5206183685e-03   -3.2463916808e-02   -1.0109444881e-02
 358    2.9437003233e-01   -5.3267852251e-02   -1.2700101711e-02    5.4251185149e-01
 359    7.5665319255e-02   -4.3757888457e-02   -4.2532308819e-02    1.4425613224e-01
 360   -9.5546820533e-02    1.1214764252e-01    1.5261810322e-01   -1.0236187236e-01
 361   -6.9335538311e-03   -9.2234083926e-03   -4.0375524672e-03   -1.5060784531e-02
 362    1.2646829650e-02   -7.1729674200e-03   -6.0774359445e-02    2.4855615433e-02
 363    1.0474839018e-02   -2.6319554758e-03   -1.0169851534e-02    2.0830818226e-02
 364    6.0187879569e-02   -3.3672987387e-02    6.3125524530e-03    1.0951641984e-01
 365    2.2153782053e-02   -1.4052333797e-02   -4.0916743043e-02    4.4003095612e-02
 366    3.3070181993e-02   -2.1147471008e-02   -2.2112379756e-02    6.1332754075e-02
 367   -3.2551232887e-02   -6.9714191486e-02   -1.5290663723e-02   -7.6012090222e-02
 368   -9.8918123248e-03   -4.4191066584e-03   -3.3663811044e-04   -2.2384684906e-02
 369    5.1255381539e-02   -3.2689162044e-02   -8.5343395864e-03    9.2462224099e-02
 370   -1.5790792773e-02   -7.0142647246e-04   -2.7173171900e-03   -3.1950317059e-02
 371   -3.0205453772e-02   -6.9910422440e-02   -2.0855210369e-02   -7.1893497422e-02
 372   -4.1065301826e-02   -9.5538165235e-02    7.2707717461e-03   -9.7806865984e-02
 373    2.6526700347e-02   -1.8789374873e-02   -6.9890055017e-02    4.8910770856e-02
 374   -1.7435393229e-02   -3.0936030371e-02   -7.9397412648e-03   -3.9321261269e-02
 375    4.3076238465e-03   -7.3649227383e-03   -5.0372823635e-03    5.2480422230e-03
 376   -1.2761028612e-02   -2.1304542530e-02   -6.2411999294e-03   -2.8334787672e-02
 377    5.7788668517e-03   -6.2939953249e-04    5.0851773677e-03    1.1820814327e-02
 378   -4.2942196465e-04   -1.7544736663e-03   -3.7900880767e-03   -1.4388211511e-03
 379   -8.8154655797e-04    5.4914895964e-04   -9.9360335098e-04   -1.3622308170e-03
 380   -7.4935383787e-03   -4.1298006681e-03   -5.4525240295e-04   -1.7442717160e-02
 381   -4.0220187070e-03   -3.8155950843e-03   -1.0979377039e-03   -1.0259933192e-02
 382    5.6851774455e-02   -1.7249514280e-01    1.5074998977e-02    6.1011261887e-02
 383   -1.9636441007e-02   -2.8216010639e-03   -1.1481781872e-03   -4.1441255361e-02
 384   -1.1914932868e+01   -3.2573448685e+00   -5.1514817487e+00   -2.3986871550e+01
 385    2.2238704228e-01   -1.9891872630e-01   -3.4011572229e-02    3.3075240484e-01
 386   -1.2229996404e-02   -2.0945386647e-03   -5.2758706508e-03   -2.4199736437e-02
 387   -1.0719843047e-02    7.4604579181e-03    6.7181302223e-03   -1.6583052664e-02
 388   -3.0986117949e-02   -4.1215957991e-02   -2.3580539395e-02   -7.0120294593e-02
 389    1.0184450920e+00   -4.7372474010e-02    4.5890590578e-03    1.8748412943e+00
 390   -1.9769410109e-03   -4.6986678548e-03   -2.4490664968e-03   -5.6886316102e-03
 391    2.0359103292e-04   -5.8330733466e-03   -9.7670128513e-04   -3.0574732968e-03
 392   -1.3347819072e-03   -5.0508101479e-03   -1.0758250013e-03   -5.7693746225e-03
 393    1.7564253052e-03    7.3646643894e-03    2.3166398128e-02    9.5938067268e-03
 394   -1.1099628394e-02    3.7266395636e-03   -1.4181057946e-02   -2.0683512503e-02
 395   -3.7817279630e-02   -1.3378759007e-01   -1.5856601830e-03   -1.0008176332e-01
 396    7.1373923660e-03   -2.3978237285e-03   -3.5351846520e-04    1.3561430290e-02
 397    6.8859909330e-03   -2.2938096977e-03   -1.2046464982e-03    1.3090943884e-02
 398    4.1166951403e-03    5.2182277388e-04   -2.3323070761e-02    1.0781944226e-02
 399   -8.1636799099e-03    3.5169204549e-03   -1.2239512778e-02   -1.4139593763e-02
 400    3.3705499358e-02   -3.8789163104e-03    4.3214823298e-02    6.9521767276e-02
 401   -1.3128114795e-02   -3.5697841438e-02    6.2199372496e-03   -3.4282079442e-02
 402   -1.0060670186e-03    7.7780031305e-04   -1.6267146959e-03   -1.4664538917e-03
 403   -3.7363657279e-03   -5.5173698055e-03    1.0732785882e-03   -8.4613444695e-03
 404    1.1452590020e-01   -1.7291119510e-01    1.9868327872e-02    1.6507944585e-01
 405    1.0676977857e-03    1.1981175718e-03   -4.6739311189e-03    3.0292186981e-03
 406    3.6659800751e-03   -2.8389741669e-04   -3.2538995375e-02    9.9336037174e-03
 407   -2.8625898985e-03   -2.2530685873e-03   -2.4287822671e-03   -5.9196464619e-03
 408    3.0063641154e-02   -1.7267554253e-02   -1.5709117817e-02    5.5765757034e-02
 409   -4.3704484187e-02   -1.0191500598e-01   -4.2066983820e-03   -1.0339369294e-01
 410   -9.1427149407e-03   -1.3642864194e-02   -4.9407235383e-03   -2.0120515831e-02
 411   -1.4467134413e-02   -2.8163763444e-02   -3.1082282363e-03   -3.1803829526e-02
 412    3.0336854806e-03    1.4563070638e-03    5.5942222053e-03    7.3603377615e-03
 413   -3.5765151951e-04   -1.5109258289e-03   -4.1802362974e-03   -1.1051571214e-03
 414   -5.5204819049e-03   -2.6494897165e-03   -1.4685579183e-03   -1.2345881606e-02
 415   -3.4792900561e-03   -2.0141734614e-03   -2.3251593310e-03   -7.8203926446e-03
 416   -7.5092417728e-03    4.8794135399e-04   -2.0107651703e-03   -1.4272748805e-02
 417   -1.2122485904e-03   -7.3181660731e-05   -3.2310839827e-03   -2.1136357553e-03
 418   -2.3893103274e-03   -2.9459364503e-03   -2.1708689422e-03   -5.6619852806e-03
 419    1.3394405174e-02   -1.6583861284e-03    1.6854951183e-02    2.7620079868e-02
 420    5.5863124349e-03   -1.6847644391e-03    1.6124601550e-04    1.0717229904e-02
 421    5.3001471212e-03   -1.5517468976e-03   -1.1121987876e-03    1.0187830579e-02
 422    3.8786243106e-04    2.4106251439e-03   -1.7721675622e-02    3.4823146144e-03
 423   -4.6989802494e-03    2.7924731194e-03   -1.1650500176e-02   -7.2086028702e-03
 424   -1.9403722629e-03   -8.1931609386e-03   -1.5980321927e-03   -6.9931334057e-03
 425    2.0279518065e-04    1.1337692007e-03   -2.0782037917e-03    1.1447204518e-03
 426   -2.0920076782e-05    1.1692304791e-03   -2.7713979826e-03    7.3544264012e-04
 427    2.3999994503e-02   -1.1403978539e-02   -1.4998164621e-02    4.5625637846e-02
 428   -9.3079856822e-03   -1.6386682633e-02   -3.8240804990e-03   -2.0390096322e-02
 429   -6.9017238702e-03   -4.6697623324e-03   -3.6998188541e-03   -1.4366671364e-02
 430   -4.4004385136e-03   -6.1616926006e-04   -2.8922107723e-03   -8.7486501155e-03
 431   -5.1287997516e-03   -3.2187531307e-03   -3.0718686239e-03   -1.0558186192e-02
 432   -8.4332499872e-04   -7.0255541385e-04   -3.8626391231e-03   -1.6671222625e-03
 433    4.1854156363e-03   -1.0245826854e-03   -1.2633215044e-03    8.1545425523e-03
 434   -2.6659022767e-03    2.2477308126e-03   -1.0360894618e-02   -3.4272165106e-03
 435   -1.0207618306e-02   -2.6421006361e-02    5.3001505230e-03   -2.7278518688e-02
 436    2.1852679177e-02   -1.0445202359e-02   -8.7065187098e-03    4.0789642286e-02
 437   -9.1959033832e-03   -1.6929095548e-02   -1.0229682854e-03   -1.9877406965e-02
 438   -3.1299076664e-03    1.9466157575e-04   -3.5513526231e-03   -5.7674103271e-03
 439   -4.7301456529e-03   -5.4212838441e-03   -3.1639875976e-03   -1.0042661014e-02
 440   -3.4316974040e-03   -6.8582434176e-04   -2.0160239627e-03   -6.6914335850e-03
 441   -5.7561451161e-04    4.7181591967e-04   -3.9537503511e-03   -5.5709015179e-04
 442    3.1042408866e-03   -6.2263143530e-04   -6.8461724588e-04    6.1275349683e-03
 443   -1.9839166510e-02   -4.9692613668e-02    5.0133160876e-03   -4.9003447300e-02
 444    1.9465641765e-02   -8.7838320395e-03   -3.0597668871e-03    3.6243458723e-02
 445    1.7137222486e-02   -7.6243017122e-03   -6.3659841978e-03    3.2025455887e-02
 446   -1.0930344407e-03   -2.5721613728e-04   -3.7560862289e-03   -1.9489909686e-03
 447   -4.6373493934e-03   -6.6034078317e-03   -2.5443178387e-03   -9.7085729678e-03
 448   -2.6977671985e-03    1.5586852142e-03   -1.6240627593e-04   -4.4883641692e-03
 449   -6.2494497355e-04    8.6500588914e-04   -3.4451896384e-03   -5.3385789123e-04
 450    2.5194759212e-02   -1.2600743038e-02    9.9865088629e-04    4.6370403295e-02
 451    1.6695316241e-02   -7.4109678172e-03   -1.2097772662e-03    3.0990604305e-02
 452    1.5731077108e-02   -5.9587624168e-03   -7.8533808420e-03    3.0025789055e-02
 453   -4.9369255350e-04    2.0387237676e-03    1.4344462090e-03    2.5528161807e-04
 454   -2.0018482649e-03    4.8885937520e-04   -1.3583535859e-03   -3.5165947487e-03
 455    2.7140402192e-02   -1.2660186921e-02    6.5006100343e-03    5.0348672920e-02
 456    1.1099734865e-02   -4.5580055397e-03    3.6611841545e-04    2.0684476487e-02
 457    1.2572162089e-02   -4.5721105346e-03   -7.2670279534e-03    2.4010501853e-02
 458    9.9540437448e-03   -2.8838359811e-03   -6.8126409465e-03    1.9359165204e-02
 459   -1.2542555439e-03    8.9121855451e-04   -1.0284307704e-03   -1.9213962865e-03
 460    1.4792440117e-02   -6.4121066456e-03    1.2327498553e-03    2.7458960350e-02
 461    1.7595303792e-02   -7.7871707749e-03    5.2441316820e-03    3.2651439152e-02
 462    1.3120258147e-02   -5.1330189654e-03    6.0853487280e-03    2.4693444356e-02
 463   -2.8067108526e-03   -2.7681882675e-03   -1.3948180038e-03   -6.3680197115e-03
 464   -1.1443334236e-02   -2.6018843202e-02    2.0611739716e-03   -2.8203117219e-02
 465    6.7080260902e-03    2.5874368648e-03   -6.8682450627e-02    8.9956018634e-03
 466   -2.7191746932e-02   -6.5078603539e-02   -2.7931552137e-03   -6.4094252528e-02
 467   -2.0459080141e-02   -4.9188328455e-02   -6.1255277881e-04   -4.8177325418e-02
 468    2.9667334034e-03   -6.0970090754e-03   -5.4847414541e-03    3.2783304960e-03
 469    3.1314101889e-02   -1.8380425859e-02   -8.8313239589e-03    5.7131361775e-02
 470    1.4015687211e-02   -4.6819331634e-03   -2.5512999918e-02    2.9397965573e-02
 471    3.2410712780e-03    1.1871077565e-03   -1.2549550471e-02    8.1749535141e-03
 472   -6.8916591989e-03   -1.1607949113e-02   -6.1345822415e-04   -1.4631089851e-02
 473    9.3861005412e-03   -3.6496792810e-03    8.9076041508e-04    1.7573442435e-02
 474   -1.7164062838e-03   -5.0263978535e-04   -2.2843598683e-03   -3.3185053372e-03
 475   -1.1504781527e-02   -2.2325204174e-02   -5.5463027487e-04   -2.5220540811e-02
 476    6.8092694150e-03   -2.1451258991e-03   -2.0745422217e-03    1.3015872247e-02
 477   -3.3851377146e-03    1.3710098501e-03   -5.1241025905e-03   -5.6211981736e-03
 478    3.2619815804e-02   -1.1024954494e-02    2.7565188341e-02    6.2904043130e-02
 479   -1.7965457122e-03   -2.0322078131e-03    5.0806030251e-04   -3.9007509223e-03
 480    1.0239391779e-02   -3.7217986582e-03   -4.2797495941e-03    1.9400525852e-02
 481   -1.5485724703e-03   -9.8122493353e-03   -1.9791638495e-03   -6.6278733168e-03
 482    4.7004318660e-03   -1.3123738318e-03   -2.9401745795e-04    9.0734219249e-03
 483    3.6083436239e-03   -8.9358900279e-04   -1.4271342996e-04    7.0312453193e-03
 484    5.1727843120e-04   -5.0195288925e-03   -4.6099972908e-03   -1.1593606075e-03
 485    2.1113581994e-04    1.2213560274e-03   -3.6280000407e-03    1.2786733006e-03
 486   -4.1835121367e-03    2.1114831106e-03    4.4926754175e-04   -7.1520025013e-03
 487    1.3225689943e-02   -5.4644900160e-03   -6.5175856379e-04    2.4691652101e-02
 488   -5.2653247429e-03   -8.5074493450e-03    2.6527890405e-04   -1.2527922477e-02
 489   -9.6314521469e-03   -1.9745307067e-02    1.9240255698e-03   -2.3280652028e-02
 490   -2.2283454126e-02   -5.0669047957e-02   -4.7090116232e-03   -5.1072933438e-02
 491   -7.9146631249e-03    1.1804167072e-02   -5.1457534136e-02   -2.0543422341e-02
 492   -1.8998966245e-02    1.3972694179e-02   -3.3200253083e-02   -4.3800600169e-02
 493    2.9266370283e-02   -1.5732528946e-02   -2.9067013074e-03    5.3673623723e-02
 494    1.6368648081e-02   -5.3751680662e-03   -2.0649448178e-02    3.3327624038e-02
 495   -4.7886767884e-04    1.7973327715e-03   -8.6750302624e-03    5.9458367119e-04
 496   -5.6247389191e-03   -8.5344071032e-03   -1.1812065354e-03   -1.1599862759e-02
 497    8.6067118321e-03   -3.0926304739e-03    1.8322659133e-03    1.6263478964e-02
 498    7.4291605090e-03   -2.5180131091e-03    4.8901874841e-04    1.4107941881e-02
 499   -1.0545435969e-03    8.2415969604e-04   -2.4822835700e-03   -1.4759979017e-03
 500   -7.5934873167e-03   -1.4202791465e-02    1.3514163094e-03   -1.7050678291e-02
 501   -1.2812733319e-03    1.3464786175e-03   -5.0672825680e-03   -1.5089210326e-03
 502    3.2643571823e-02   -1.4134363124e-02    1.5898582040e-02    6.1176720312e-02
 503   -4.2473640161e-04    6.0726352835e-04   -6.1230563987e-04   -3.6730645192e-04
 504    2.9151532299e-03   -6.0871213625e-04   -2.9609192910e-04    5.7440933787e-03
 505   -2.9475608065e-03    3.2038745323e-03    3.6462485965e-03   -3.9261226714e-03
 506    1.3736485016e-02   -5.8258010749e-03   -2.3355431450e-03    2.5590773234e-02
 507   -4.9718540951e-03   -7.1240326194e-03    7.5538907386e-04   -1.1571219627e-02
 508   -1.2446501274e-02   -2.6510812090e-02    1.2293201382e-03   -2.9135925628e-02
 509   -2.3212636002e-02   -4.9223406517e-02   -1.0512669499e-02   -5.3441737258e-02
 510   -2.2723669102e-02    1.2239312541e-02   -2.2220404244e-02   -5.0419204722e-02
 511    3.2597335364e-02   -1.6924511326e-02    2.5988512398e-03    5.9939061492e-02
 512    1.3414764499e-02   -3.4511404845e-03   -1.7009711327e-02    2.7460777297e-02
 513   -5.3849971704e-03   -6.6063920667e-03   -6.1193064782e-04   -1.0929096605e-02
 514    9.3613139240e-03   -3.3679086853e-03    3.9333412732e-03    1.7730165069e-02
 515    1.2814415085e-04    1.3552602485e-03   -6.2682779859e-03    1.3242099861e-03
 516   -6.1816426422e-04    1.0045287713e-03   -4.2758857621e-03   -3.9975001087e-04
 517   -1.7413357756e-03   -1.6964579297e-03    8.4277547094e-04   -3.5656214870e-03
 518    1.9706042576e-03   -3.1423228464e-04   -3.0296166305e-04    3.9374564054e-03
 519   -3.0449353150e-03   -2.7084344545e-03   -3.6877092005e-05   -6.7337056375e-03
 520   -7.2298332321e-03   -1.2916459657e-02    1.5487176784e-03   -1.6874041275e-02
 521   -1.9098248016e-02   -4.1905586468e-02   -2.3602155428e-03   -4.3433009989e-02
 522   -2.7484478604e-02    9.2679156571e-03   -1.0846564588e-02   -6.2013673174e-02
 523    1.8852037731e-02   -7.3823167135e-03   -1.6141837541e-02    3.6832934303e-02
 524    2.3637948265e-03    8.8700621292e-04   -8.2904520364e-03    5.7287523170e-03
 525    1.8319197603e-03    1.1809773381e-03   -6.2914052238e-03    4.6732627990e-03
 526    2.1635559122e-03   -3.0191372735e-04   -5.5617323247e-04    4.3436859887e-03
 527   -2.0687939029e-03   -2.5282200777e-04   -1.1652679516e-03   -4.0015446068e-03
 528   -1.0804289818e-02   -2.2203623962e-02    1.3581224742e-03   -2.4785638875e-02
 529   -1.6338555286e-02   -3.5571633195e-02   -9.1619993484e-04   -3.6965088057e-02
 530   -2.6686913146e-02    4.7327352037e-03   -6.8260540581e-03   -5.9769851335e-02
 531    2.1272081652e-03   -1.9544649232e-04   -7.6722328143e-04    4.3227981639e-03
 532   -2.1736297429e-03   -1.3857562431e-03   -2.2973162955e-04   -4.5883067123e-03
 533   -1.2806613736e-02   -2.7706904404e-02    1.0669890204e-03   -2.9458075357e-02
 534   -1.5414139187e-02   -3.2303700004e-02   -1.2853845942e-03   -3.4374167734e-02
 535    2.4554779321e-03   -9.7436225754e-05   -1.2419631788e-03    5.0578571109e-03
 536   -1.2819839967e-02   -2.5617262156e-02   -1.2320366949e-06   -2.8464882229e-02
 537    2.8258799967e-03   -6.1795601969e-04    1.9155568798e-05    5.5508079022e-03
 538    8.3126515671e-03   -2.7942946956e-03   -3.2723344501e-03    1.5818438293e-02
 539    8.4161420055e-04   -3.9907531502e-03   -4.6506556793e-03   -7.3456618566e-05
 540    1.3159799916e-04   -2.7293948879e-03   -4.4190300919e-03   -8.0362454469e-04
 541    1.3956287792e-03   -4.6125513298e-03   -3.8743663715e-03    5.9078479886e-04
 542    2.6346181747e-02   -1.4073368859e-02   -1.1232834599e-02    4.8754204229e-02
 543    2.3527346715e-02   -8.4978952652e-03    1.7952250986e-02    4.4984371783e-02
 544    6.4787322174e-03   -7.3214189156e-04   -9.5854492365e-03    1.3410162758e-02
 545    1.0177233145e-02   -3.7981926604e-03   -2.3869650378e-03    1.9199763690e-02
 546    1.6610647302e-03   -2.9849254179e-04    5.2372698192e-05    3.3005635558e-03
 547   -5.6014740624e-04   -2.6101442230e-03   -4.2232386352e-03   -2.0935587486e-03
 548    7.1155034975e-03   -2.2366436925e-03    2.2552979140e-03    1.3632701767e-02
 549    5.9212838188e-03   -1.6954899595e-03    1.2703984392e-03    1.1426842361e-02
 550    2.3530643012e-02   -1.1736900574e-02   -2.8083624388e-03    4.3387823734e-02
 551   -1.6232042555e-02   -3.2138641992e-02   -4.8419952199e-03   -3.6146514226e-02
 552    7.0710985955e-03   -2.0123117395e-03   -3.5532123688e-03    1.3653379938e-02
 553    1.7271334118e-02   -6.9911350820e-03    1.1063128287e-02    3.2493185431e-02
 554   -9.2953110764e-04   -1.8557506531e-03   -3.8501335762e-03   -2.4253630215e-03
 555    6.1777420512e-03   -1.8486545628e-03    7.4438401866e-04    1.1869143357e-02
 556    4.8082061221e-03   -1.2898473400e-03    1.0860499756e-03    9.3216488306e-03
 557    2.1755518609e-02   -1.0471086875e-02   -5.2403578383e-03    4.0350955244e-02
 558    2.0647834309e-02   -9.9926732888e-03   -9.2116312286e-04    3.8026083438e-02
 559    1.2929543036e-02   -4.1357302583e-03    1.0218824458e-02    2.4964959922e-02
 560   -1.5191658598e-03   -2.9156049131e-03   -2.9352228096e-03   -4.0116861388e-03
 561    3.6585431795e-03   -8.1579739630e-04    6.8748549700e-04    7.1876148589e-03
 562    1.9222245795e-02   -8.8165505785e-03   -5.1920723595e-03    3.5792138053e-02
 563    2.3245463776e-03   -3.9770190474e-04    5.2774993195e-04    4.6334119652e-03
 564    4.3601960709e-03   -9.9859676084e-04    1.3578428406e-03    8.5583571341e-03
 565    6.2011173974e-03   -1.6367675548e-03    2.7610497295e-03    1.2067139332e-02
 566    5.0742422042e-03   -1.1780481923e-03    2.1001412928e-03    9.9593818081e-03
 567    1.0588074395e-02   -3.4995578657e-03    6.7891118567e-03    2.0294394165e-02
 568    6.5683417594e-03   -1.5723862878e-03    4.0718803426e-03    1.2896881163e-02
 569    4.0471344498e-03   -7.3603803052e-04    1.7563422400e-03    8.0589687368e-03
 570    8.0705918171e-03   -2.2185841497e-03    5.8185811117e-03    1.5707583945e-02
 571    2.9151405068e-03   -2.8131552643e-04    1.3044263378e-03    5.9391084939e-03
 572    2.9798913559e-03   -2.5138269244e-05    1.7154683968e-03    6.2272365930e-03
 573    6.3452330501e-03   -2.6562751998e-06    7.8380265535e-03    1.3477353367e-02
 574    2.2137648825e-03   -2.9429680914e-04    7.7477997004e-04    4.4575933167e-03

 --- Original Mesh ---
   n               Q[0]                Q[1]                Q[2]                Q[3]
   0    9.8783536765e-01    7.0983407209e-01    1.0330521409e-02    2.0554062481e+00
   1    9.7931059892e-01    7.2245574225e-01    8.8163038383e-02    2.0407221724e+00
   2    9.6844410271e-01    7.3567363524e-01    9.0019370248e-02    2.0248025981e+00
   3    9.5390548492e-01    7.4427638411e-01    8.7938755278e-02    1.9990434688e+00
   4    9.4224993918e-01    7.5139011634e-01    8.6706120184e-02    1.9791323168e+00
   5    9.3160390235e-01    7.5625671601e-01    8.4768551865e-02    1.9601910643e+00
   6    9.2147607335e-01    7.6064286094e-01    8.1669914705e-02    1.9421526473e+00
   7    9.1227152322e-01    7.6437006080e-01    7.8333466809e-02    1.9257738054e+00
   8    9.0363766730e-01    7.6771262429e-01    7.5105575058e-02    1.9105022910e+00
   9    8.9439620204e-01    7.7064445752e-01    7.1865802550e-02    1.8938330246e+00
  10    8.8516812110e-01    7.7369456830e-01    6.8744521356e-02    1.8775415109e+00
  11    8.7329179469e-01    7.7595297781e-01    6.5140801659e-02    1.8557511112e+00
  12    8.6373022374e-01    7.7828658994e-01    6.0060134739e-02    1.8386497960e+00
  13    8.5848276511e-01    7.8115727580e-01    5.3961466237e-02    1.8305296071e+00
  14    8.5366048034e-01    7.8281313624e-01    4.7969852390e-02    1.8225903452e+00
  15    8.4900363221e-01    7.8342499457e-01    4.2274035368e-02    1.8142569827e+00
  16    8.4007731349e-01    7.8328177925e-01    3.6931329379e-02    1.7972604007e+00
  17    8.2953846186e-01    7.8341729509e-01    2.9852010580e-02    1.7773985007e+00
  18    8.2549570401e-01    7.8427827457e-01    2.0021910573e-02    1.7709519494e+00
  19    8.3160179852e-01    7.8524557007e-01    4.2860144969e-03    1.7841202056e+00
  20    8.4713448127e-01    7.8614483030e-01   -1.0082637874e-02    1.8162200230e+00
  21    8.5966687168e-01    7.8377574630e-01   -2.4004632505e-02    1.8406098891e+00
  22    8.6497508272e-01    7.8023112252e-01   -3.5149787994e-02    1.8501670448e+00
  23    8.6399997544e-01    7.7636749707e-01   -4.7864393927e-02    1.8474174984e+00
  24    8.7704529392e-01    7.7326867774e-01   -7.2162350191e-02    1.8750258530e+00
  25    9.0124490130e-01    7.6589207642e-01   -1.1258933628e-01    1.9267493169e+00
  26    9.9000862843e-01    7.5077605203e-01   -1.7976359342e-01    2.1172176776e+00
  27    1.0695435588e+00    7.0565395530e-01   -2.2781556520e-01    2.2859507522e+00
  28    1.2040545011e+00    6.3189530279e-01   -2.8781005188e-01    2.5869051157e+00
  29    1.3696919466e+00    4.8721362301e-01   -3.1093285334e-01    2.9732969848e+00
  30    1.5443446483e+00    3.0158112769e-01   -2.1613974324e-01    3.4087333958e+00
  31    1.6047467836e+00    2.6018549001e-01    6.8826425904e-02    3.5698108914e+00
  32    1.4575852388e+00    4.4503352122e-01    2.6845264348e-01    3.1917065787e+00
  33    1.3028325148e+00    5.8469135495e-01    3.3516891806e-01    2.8227382306e+00
  34    1.1334245628e+00    6.7796184402e-01    3.0380909426e-01    2.4332289608e+00
  35    1.0119968327e+00    7.3144452211e-01    2.3954023418e-01    2.1659670447e+00
  36    9.0322804621e-01    7.5284083726e-01    1.7268591925e-01    1.9325964152e+00
  37    8.2027591385e-01    7.5465914756e-01    1.1261114601e-01    1.7586016067e+00
  38    7.7545220976e-01    7.5235799815e-01    6.8423459035e-02    1.6665533780e+00
  39    7.7673829239e-01    7.5677862877e-01    4.6707518729e-02    1.6697239312e+00
  40    7.8976311353e-01    7.6633876975e-01    3.5921292515e-02    1.6989163349e+00
  41    7.8522289415e-01    7.6865759208e-01    2.6729088478e-02    1.6900498973e+00
  42    7.7445073173e-01    7.6755057416e-01    1.0875957437e-02    1.6679250206e+00
  43    7.6224533211e-01    7.6451746246e-01   -5.2713605027e-03    1.6422286127e+00
  44    7.5118161114e-01    7.6059661582e-01   -2.0410818963e-02    1.6187674883e+00
  45    7.5606293322e-01    7.6090720195e-01   -3.0571901095e-02    1.6277145389e+00
  46    7.6985534959e-01    7.6333026931e-01   -3.6824598660e-02    1.6543750523e+00
  47    7.8054047308e-01    7.6554710036e-01   -4.1534950694e-02    1.6752266446e+00
  48    7.8640345362e-01    7.6501654546e-01   -4.6117063994e-02    1.6850815593e+00
  49    7.9522169111e-01    7.6322648783e-01   -5.2716073944e-02    1.7001375021e+00
  50    8.0611619802e-01    7.6099849166e-01   -5.8799392067e-02    1.7189508091e+00
  51    8.1965572896e-01    7.5922991029e-01   -6.3665842661e-02    1.7433891848e+00
  52    8.3344726768e-01    7.5663112319e-01   -6.6843955427e-02    1.7679488127e+00
  53    8.4913061227e-01    7.5405317545e-01   -7.0509547945e-02    1.7968982064e+00
  54    8.6318665966e-01    7.5259178592e-01   -7.3496732122e-02    1.8235085032e+00
  55    8.7317339302e-01    7.4914002076e-01   -7.5871346909e-02    1.8407891741e+00
  56    8.8491112458e-01    7.4417532692e-01   -7.8514362320e-02    1.8610453554e+00
  57    8.9793145554e-01    7.3811054758e-01   -8.0887359362e-02    1.8834846060e+00
  58    9.1304440007e-01    7.3122172625e-01   -8.2620034458e-02    1.9101566723e+00
  59    9.2915464252e-01    7.2256067118e-01   -8.3344701251e-02    1.9382748859e+00
  60    9.4213106946e-01    7.1050961643e-01   -8.5018490787e-02    1.9586941689e+00
  61    9.5329534655e-01    6.9407344213e-01   -8.2580318194e-02    1.9739515998e+00
  62    1.0000000000e+00    7.9980962166e-01    1.7451908008e-02    2.1057142857e+00
  63    1.0000000000e+00    7.9980962166e-01    1.7451908008e-02    2.1057142857e+00
  64    1.0000000000e+00    7.9980962166e-01    1.7451908008e-02    2.1057142857e+00
  65    1.0000000000e+00    7.9980962166e-01    1.7451908008e-02    2.1057142857e+00
  66    1.0000000000e+00    7.9980962166e-01    1.7451908008e-02    2.1057142857e+00
  67    1.0000000000e+00    7.9980962166e-01    1.7451908008e-02    2.1057142857e+00
  68    1.0000000000e+00    7.9980962166e-01    1.7451908008e-02    2.1057142857e+00
  69    1.0000000000e+00    7.9980962166e-01    1.7451908008e-02    2.1057142857e+00
  70    1.0000000000e+00    7.9980962166e-01    1.7451908008e-02    2.1057142857e+00
  71    1.0000000000e+00    7.9980962166e-01    1.7451908008e-02    2.1057142857e+00
  72    1.0000000000e+00    7.9980962166e-01    1.7451908008e-02    2.1057142857e+00
  73    1.0000000000e+00    7.9980962166e-01    1.7451908008e-02    2.1057142857e+00
  74    1.0000000000e+00    7.9980962166e-01    1.7451908008e-02    2.1057142857e+00
  75    1.0000000000e+00    7.9980962166e-01    1.7451908008e-02    2.1057142857e+00
  76    1.0000000000e+00    7.9980962166e-01    1.7451908008e-02    2.1057142857e+00
  77    1.0000000000e+00    7.9980962166e-01    1.7451908008e-02    2.1057142857e+00
  78    1.0000000000e+00    7.9980962166e-01    1.7451908008e-02    2.1057142857e+00
  79    1.0000000000e+00    7.9980962166e-01    1.7451908008e-02    2.1057142857e+00
  80    1.0000000000e+00    7.9980962166e-01    1.7451908008e-02    2.1057142857e+00
  81    1.0000000000e+00    7.9980962166e-01    1.7451908008e-02    2.1057142857e+00
  82    1.0000000000e+00    7.9980962166e-01    1.7451908008e-02    2.1057142857e+00
  83    1.0000000000e+00    7.9980962166e-01    1.7451908008e-02    2.1057142857e+00
  84    1.0000000000e+00    7.9980962166e-01    1.7451908008e-02    2.1057142857e+00
  85    1.0000000000e+00    7.9980962166e-01    1.7451908008e-02    2.1057142857e+00
  86    1.0000000000e+00    7.9980962166e-01    1.7451908008e-02    2.1057142857e+00
  87    1.0000000000e+00    7.9980962166e-01    1.7451908008e-02    2.1057142857e+00
  88    1.0000000000e+00    7.9980962166e-01    1.7451908008e-02    2.1057142857e+00
  89    1.0000000000e+00    7.9980962166e-01    1.7451908008e-02    2.1057142857e+00
  90    1.0000000000e+00    7.9980962166e-01    1.7451908008e-02    2.1057142857e+00
  91    1.0000000000e+00    7.9980962166e-01    1.7451908008e-02    2.1057142857e+00
  92    1.0000000000e+00    7.9980962166e-01    1.7451908008e-02    2.1057142857e+00
  93    1.0000000000e+00    7.9980962166e-01    1.7451908008e-02    2.1057142857e+00
  94    1.0006354614e+00    8.0098513241e-01    1.9760608575e-02    2.1078046455e+00
  95    1.0027510829e+00    8.0084707155e-01    1.4583185318e-02    2.1120494325e+00
  96    1.0003287812e+00    8.0133170877e-01    1.3634614883e-02    2.1073655238e+00
  97    1.0038388440e+00    7.9876281251e-01    1.7237881926e-02    2.1131251352e+00
  98    9.9034104795e-01    8.0198139456e-01    2.0094925520e-02    2.0875887645e+00
  99    9.8364408687e-01    7.9448271951e-01    3.3873713811e-02    2.0730241818e+00
 100    9.9242931452e-01    8.0435231795e-01    2.0379468183e-02    2.0928626980e+00
 101    9.9784013503e-01    8.0073407448e-01    1.5571584518e-02    2.1017624370e+00
 102    1.0033383901e+00    7.9914033183e-01    1.6303990908e-02    2.1122834784e+00
 103    9.7053496481e-01    7.8104109721e-01    5.2147179905e-02    2.0442327368e+00
 104    9.7099055982e-01    8.0521421717e-01    6.1711767600e-03    2.0498772635e+00
 105    9.4288363029e-01    8.0225814123e-01   -1.2866044334e-02    1.9932081069e+00
 106    9.2930774127e-01    7.9039705946e-01    5.5786084788e-02    1.9676657124e+00
 107    8.8773500969e-01    8.0604251736e-01   -1.7909378387e-02    1.8900121741e+00
 108    9.6489741851e-01    7.7233268217e-01   -2.9439259326e-02    2.0266867601e+00
 109    8.9973380109e-01    8.0898969869e-01    2.7317401087e-02    1.9184347336e+00
 110    8.8672078399e-01    7.9761422942e-01    4.4513004341e-02    1.8901376158e+00
 111    9.1719681346e-01    7.8213947122e-01    6.3964663930e-02    1.9422593271e+00
 112    9.1166238552e-01    7.6494734433e-01   -5.4741310161e-02    1.9203525204e+00
 113    8.6742952277e-01    7.9406171089e-01    4.2923043487e-02    1.8539641519e+00
 114    8.8488408715e-01    7.8771841179e-01    5.7467445775e-02    1.8834900101e+00
 115    8.7765515416e-01    8.0432772540e-01    3.1251326215e-02    1.8767659296e+00
 116    1.0154369258e+00    7.9613470860e-01    4.1471971525e-03    2.1359814588e+00
 117    9.2884275811e-01    8.1890332692e-01   -2.1556915313e-02    1.9832138439e+00
 118    8.7130582293e-01    8.0654277110e-01    8.6226898877e-03    1.8694058746e+00
 119    9.8692918011e-01    8.1051606508e-01    2.4732396367e-03    2.0860102578e+00
 120    8.6508935331e-01    8.0008524531e-01   -5.6853848145e-03    1.8574341402e+00
 121    9.2844193048e-01    8.1154222490e-01   -4.9864771491e-02    1.9867411411e+00
 122    1.0029778712e+00    8.0242013072e-01    8.6599638261e-03    2.1135667746e+00
 123    1.0024023609e+00    7.9946095247e-01    1.8528464901e-02    2.1105471350e+00
 124    1.0009874623e+00    8.0050399478e-01    1.8740340003e-02    2.1082104584e+00
 125    8.6719404173e-01    8.1210675231e-01    1.3781767797e-02    1.8577232933e+00
 126    8.5722778566e-01    8.0572970914e-01    4.9124875914e-02    1.8431092519e+00
 127    8.2141651153e-01    7.9427856754e-01   -1.3494090744e-02    1.7642236783e+00
 128    9.9792189587e-01    7.9852585878e-01    1.5256640248e-02    2.1012594266e+00
 129    7.8540983121e-01    7.8170779123e-01   -2.1825525822e-02    1.6937467337e+00
 130    8.4170110460e-01    7.8083188687e-01   -4.9196274227e-02    1.7935664421e+00
 131    9.2136163985e-01    7.4696913830e-01   -6.8344504247e-02    1.9335722190e+00
 132    9.8733388745e-01    7.8691462249e-01    1.0437052307e-03    2.0758707358e+00
 133    8.1200613100e-01    7.7470436886e-01   -4.9961166391e-02    1.7369498961e+00
 134    9.9664680891e-01    7.9612625032e-01    1.5548463213e-02    2.0986642686e+00
 135    8.2866083375e-01    7.7080312584e-01   -5.6863085158e-02    1.7659575969e+00
 136    9.3278333286e-01    7.3399139888e-01   -7.7766591599e-02    1.9515781332e+00
 137    9.9688429353e-01    7.9377926587e-01    1.7102879911e-02    2.0994319601e+00
 138    9.5192327355e-01    7.2292980339e-01   -7.7693646664e-02    1.9853240371e+00
 139    9.1697468988e-01    7.9770529862e-01   -2.6852481746e-02    1.9415149063e+00
 140    8.1928045948e-01    7.9291002814e-01    2.1012811945e-02    1.7650989671e+00
 141    9.9860730217e-01    8.0079542374e-01    1.6595920611e-02    2.1033857937e+00
 142    8.3658046239e-01    7.6415949725e-01   -6.4322915098e-02    1.7782663559e+00
 143    9.9957470940e-01    8.0073242402e-01    1.7445895750e-02    2.1053747643e+00
 144    1.0001484818e+00    8.0058955871e-01    1.7955096232e-02    2.1064927174e+00
 145    8.6117116107e-01    7.9870952691e-01    7.6645631732e-02    1.8533501215e+00
 146    1.0016653550e+00    7.9951616902e-01    1.7406313220e-02    2.1090254144e+00
 147    9.9547802325e-01    8.0583300282e-01    3.5295989809e-02    2.1005798092e+00
 148    1.0020051403e+00    7.9943525416e-01    1.7820209398e-02    2.1096901117e+00
 149    1.0172031321e+00    7.9224375375e-01    1.7238760220e-02    2.1374262665e+00
 150    8.9631702447e-01    8.1238107576e-01   -1.0202850964e-02    1.9201740579e+00
 151    9.1070932502e-01    7.9834770029e-01   -6.1786653348e-02    1.9518926040e+00
 152    1.0023528575e+00    8.0112657617e-01    1.5464069379e-02    2.1113657229e+00
 153    1.0324942809e+00    7.8590656249e-01    2.7639391989e-03    2.1663430347e+00
 154    1.0174781832e+00    7.9362041656e-01   -1.2966288103e-01    2.1706828237e+00
 155    1.0037461746e+00    7.9964725509e-01    1.5281381979e-02    2.1134163235e+00
 156    9.4369278026e-01    7.9691767834e-01   -9.8192085192e-02    2.0234007716e+00
 157    8.4763917899e-01    7.9599171565e-01    2.4316416612e-02    1.8195102763e+00
 158    1.0033140276e+00    8.0048543277e-01    1.5122790369e-02    2.1130026631e+00
 159    9.8453604929e-01    7.6170518045e-01    5.8640748932e-02    2.0669632444e+00
 160    9.9691520715e-01    7.9549533843e-01    1.7380726095e-02    2.0995992099e+00
 161    1.0183643908e+00    7.9220801750e-01    2.7796599728e-02    2.1400449964e+00
 162    9.5509768967e-01    8.0258785463e-01    4.0666467597e-02    2.0207799904e+00
 163    1.0007455156e+00    8.0074944477e-01    1.6683070205e-02    2.1079318961e+00
 164    9.9482275672e-01    7.8743772148e-01    1.6451028201e-02    2.0949750680e+00
 165    9.9915677628e-01    7.9457466762e-01    1.7016248624e-02    2.1038566978e+00
 166    1.0045974652e+00    7.9893204045e-01    2.2207682624e-02    2.1149031565e+00
 167    1.0062837404e+00    7.9780385719e-01    1.5720219926e-02    2.1176570661e+00
 168    1.0056938393e+00    7.9791314812e-01    1.7793055674e-02    2.1165066820e+00
 169    1.0067723165e+00    7.3741918886e-01    6.0194059876e-02    2.1049568095e+00
 170    9.5984273526e-01    8.1554023592e-01    2.6692488314e-02    2.0342246122e+00
 171    1.0420815688e+00    7.8148244857e-01    1.0267452850e-01    2.1928291142e+00
 172    7.7695295199e-01    7.7631137462e-01   -1.1505013330e-02    1.6766259723e+00
 173    8.4643864907e-01    7.8626104366e-01    9.6995002055e-02    1.8257683590e+00
 174    9.2782203945e-01    7.7200870968e-01    7.2941699793e-02    1.9596708389e+00
 175    9.7600745875e-01    7.3549079356e-01   -4.4757795991e-02    2.0387165095e+00
 176    8.9504742960e-01    7.5518054871e-01   -6.8675588039e-02    1.8854864931e+00
 177    8.6984345803e-01    7.8523763781e-01    5.6294236884e-02    1.8545581116e+00
 178    9.0477278477e-01    8.1416989876e-01    6.2745971267e-03    1.9327517769e+00
 179    9.5287079901e-01    7.7855009849e-01    6.1387832057e-02    2.0093163440e+00
 180    8.8639255619e-01    7.8019343597e-01    6.5708468920e-02    1.8835130100e+00
 181    8.4470053753e-01    7.9034330531e-01    3.4138498727e-02    1.8105444053e+00
 182    9.8167316771e-01    8.0839560891e-01   -8.4644181820e-02    2.0938695144e+00
 183    1.1047027176e+00    7.4092881860e-01   -5.6768062257e-02    2.3061861756e+00
 184    8.6715936915e-01    7.9391073273e-01   -1.8950285901e-02    1.8602379264e+00
 185    9.6755250544e-01    8.1754040826e-01   -6.2330552210e-03    2.0526900753e+00
 186    1.1245827801e+00    7.3733943823e-01   -1.4195480580e-01    2.3708493773e+00
 187    8.7479470683e-01    7.9204350351e-01   -2.9479181947e-02    1.8750772597e+00
 188    1.0070936630e+00    7.9197879648e-01    1.2643914668e-01    2.1334275961e+00
 189    9.4176162992e-01    8.2085745978e-01    3.5527619201e-02    2.0031406008e+00
 190    8.0852442637e-01    7.9010221689e-01   -5.5922744827e-04    1.7416327578e+00
 191    7.9249769136e-01    7.7220249319e-01   -4.2854917707e-02    1.7004122999e+00
 192    8.7503260815e-01    7.5590586482e-01   -7.1902482739e-02    1.8479051195e+00
 193    8.6107005366e-01    7.5689279099e-01   -7.1698785524e-02    1.8218237161e+00
 194    9.9591034995e-01    7.9960121289e-01    1.3447273014e-02    2.0974082054e+00
 195    9.6620031370e-01    7.0974393768e-01   -7.8271182019e-02    2.0087626086e+00
 196    9.9970585497e-01    7.9884836885e-01    1.6312076817e-02    2.1052763746e+00
 197    9.5080573132e-01    7.3342152171e-01   -6.5395227606e-02    1.9868137264e+00
 198    9.9888092671e-01    8.0145580843e-01    1.8009140273e-02    2.1043800195e+00
 199    9.1697669316e-01    7.8528802299e-01    1.5117559884e-01    1.9720844171e+00
 200    1.0740215956e+00    7.5506296523e-01    1.4235557941e-01    2.2594911574e+00
 201    1.0640804548e+00    7.6300628687e-01   -1.7198312895e-01    2.2688011519e+00
 202    1.0377329246e+00    7.9220586756e-01   -3.3797068114e-02    2.1830570526e+00
 203    9.7322608998e-01    8.1614552638e-01   -5.1247662377e-02    2.0715224580e+00
 204    1.0054687056e+00    7.9904053960e-01    1.3633950267e-02    2.1166754856e+00
 205    1.0073937944e+00    7.9873046446e-01    1.1332322882e-02    2.1205394356e+00
 206    9.8352745118e-01    7.8449837843e-01   -1.4520723247e-01    2.1088601598e+00
 207    9.9874633063e-01    7.8146437274e-01    1.7951272869e-02    2.1015989229e+00
 208    1.0051823321e+00    8.0186381312e-01    5.1235287254e-02    2.1193717362e+00
 209    1.1154873021e+00    7.1179877947e-01    1.1057273878e-01    2.3245493143e+00
 210    1.0012715304e+00    7.6489475279e-01    1.5410177258e-02    2.1053130281e+00
 211    1.0085945142e+00    7.9659067300e-01    1.9577943925e-02    2.1218417804e+00
 212    9.7387263818e-01    7.5056359131e-01    7.8970804931e-02    2.0427499195e+00
 213    1.0344198579e+00    7.8182004833e-01    2.7613432887e-02    2.1683172293e+00
 214    7.9166267309e-01    7.8050246191e-01    5.3307058012e-03    1.7073602790e+00
 215    9.4438722131e-01    8.0289496943e-01    1.2246606997e-01    2.0189877959e+00
 216    9.4590373847e-01    7.6307710314e-01    7.7405209387e-02    1.9915896162e+00
 217    1.0049618952e+00    7.4817855981e-01    2.2293719363e-03    2.1074218323e+00
 218    8.7406160228e-01    7.7332054459e-01   -5.6164042589e-02    1.8512578626e+00
 219    9.5690105200e-01    7.5423985774e-01    8.2014553248e-02    2.0100763434e+00
 220    8.9748475904e-01    7.7630063930e-01    6.9435820368e-02    1.9030244541e+00
 221    8.5858127676e-01    7.9750130633e-01    3.4007901434e-02    1.8397386571e+00
 222    1.0755167806e+00    7.5369590666e-01    8.8995754534e-02    2.2487009117e+00
 223    1.0649601684e+00    7.7725811061e-01   -8.4110393884e-02    2.2403629638e+00
 224    9.2881618597e-01    8.1726469608e-01    7.2317931174e-03    1.9773776431e+00
 225    1.1664735790e+00    6.7063391611e-01   -5.8980353712e-02    2.4257575221e+00
 226    8.7802073729e-01    7.8882685359e-01   -4.0954957685e-02    1.8809776002e+00
 227    1.1382700683e+00    6.9495321305e-01    1.8979170083e-01    2.3958446732e+00
 228    9.7835587015e-01    8.1625316456e-01    6.7275741378e-02    2.0758555610e+00
 229    8.4517718345e-01    8.0441736264e-01    1.8884797272e-02    1.8158560655e+00
 230    8.1208480572e-01    7.8416220437e-01   -3.6762634803e-02    1.7409312880e+00
 231    9.9567922624e-01    7.9188481103e-01    1.4015955915e-02    2.0959851418e+00
 232    9.4300015553e-01    7.4796608806e-01   -5.5977153096e-02    1.9761167481e+00
 233    1.0006357316e+00    7.2171181781e-01   -3.0586193878e-02    2.0861166073e+00
 234    9.9424031869e-01    7.4407829626e-01   -2.0195759809e-02    2.0802750240e+00
 235    9.2376269349e-01    8.1062377526e-01    9.1345754938e-02    1.9740348415e+00
 236    1.1980299449e+00    6.3312975011e-01    2.3903885920e-03    2.4874387263e+00
 237    1.1443575161e+00    7.0731875835e-01   -1.9469644477e-01    2.4276711092e+00
 238    9.4434700297e-01    8.1596655051e-01    1.6660712923e-02    2.0054818844e+00
 239    9.6157772013e-01    8.1893775750e-01   -2.2858390070e-02    2.0444926327e+00
 240    1.0047678992e+00    8.0043407314e-01    1.2121066877e-02    2.1160603473e+00
 241    1.0137654904e+00    7.9606392677e-01    3.4774597031e-02    2.1328654441e+00
 242    9.9213051398e-01    7.7637526514e-01    1.1455485785e-02    2.0870012093e+00
 243    1.0041021050e+00    7.9880241171e-01    1.8666073232e-02    2.1137204426e+00
 244    1.0742365008e+00    7.5364468559e-01    1.6239451440e-02    2.2402064156e+00
 245    9.6608830422e-01    7.6199770736e-01    7.0405664421e-02    2.0306662472e+00
 246    8.8553159172e-01    7.8688005159e-01   -4.1311545167e-02    1.8776000781e+00
 247    8.4958032886e-01    7.9965507024e-01   -2.2976470891e-02    1.8165689434e+00
 248    9.7049752269e-01    7.4504314244e-01    8.6110754483e-02    2.0338536451e+00
 249    1.0417907403e+00    7.8063568232e-01    4.9907305591e-02    2.1845030371e+00
 250    1.0612294873e+00    7.7420326743e-01   -3.7035091297e-02    2.2237858039e+00
 251    1.0997679123e+00    7.2708094577e-01    2.5237608665e-02    2.2856265193e+00
 252    1.0873045889e+00    7.1786957599e-01    2.5051341649e-01    2.3223479484e+00
 253    9.7565437925e-01    8.1060935203e-01    8.9440547006e-02    2.0717976967e+00
 254    9.6245865150e-01    7.5807761383e-01   -4.1166591167e-02    2.0187141437e+00
 255    9.9258125092e-01    7.7366725114e-01    6.1317521779e-04    2.0842639725e+00
 256    9.2543479048e-01    8.2073119075e-01    4.8336683365e-02    1.9739044871e+00
 257    1.0134031355e+00    8.0207530949e-01    8.3458220068e-02    2.1408229250e+00
 258    1.2108178494e+00    5.8828768617e-01    8.7613877099e-02    2.5169561670e+00
 259    1.2113540992e+00    6.3552879624e-01   -1.6466411702e-01    2.5491260256e+00
 260    1.0021388077e+00    8.0107668369e-01    1.4135244042e-02    2.1109337506e+00
 261    1.0043201219e+00    8.0022030153e-01    1.3907272087e-02    2.1149672842e+00
 262    1.0090844202e+00    7.9641088969e-01    2.3369055160e-02    2.1228378270e+00
 263    9.9427823206e-01    7.9404231242e-01    1.0830451405e-02    2.0923993261e+00
 264    1.0322499755e+00    7.9015801098e-01   -1.1726930962e-02    2.1686513520e+00
 265    1.0347297990e+00    7.8217040281e-01    1.1818028635e-02    2.1689759549e+00
 266    9.4612490388e-01    7.7153896494e-01    7.0416807967e-02    1.9948767068e+00
 267    9.8833988931e-01    7.3735878038e-01    8.2026363999e-02    2.0669454686e+00
 268    1.0715577731e+00    7.6109018286e-01   -1.3887167532e-03    2.2381340868e+00
 269    1.0203865605e+00    7.9046874646e-01    2.0760002705e-02    2.1431789167e+00
 270    1.1072529684e+00    7.3215685168e-01   -1.5415539014e-02    2.3056402381e+00
 271    9.9901972408e-01    7.6453703251e-01    2.0333532947e-01    2.1398661809e+00
 272    9.3266146325e-01    7.7884357800e-01   -4.0461102918e-02    1.9654844290e+00
 273    9.9586054140e-01    7.6513307125e-01    5.2569081651e-03    2.0919111503e+00
 274    9.9233162792e-01    7.7489756749e-01    9.2706931216e-03    2.0862658343e+00
 275    9.0018527012e-01    8.1616067069e-01    5.3418367083e-02    1.9261126322e+00
 276    1.0106496098e+00    8.0220672442e-01    6.4501001347e-02    2.1323443213e+00
 277    1.2253476951e+00    5.7532600318e-01    2.1061152865e-01    2.5862535267e+00
 278    1.2442398520e+00    5.8076427149e-01   -1.0381543068e-01    2.6049434117e+00
 279    1.0013102463e+00    8.0102007813e-01    1.5586425993e-02    2.1091771528e+00
 280    1.0054158100e+00    7.9812479060e-01    1.9978547028e-02    2.1160907533e+00
 281    9.9399040667e-01    7.8621380923e-01    1.3015971847e-02    2.0919568538e+00
 282    1.0184874173e+00    7.9879227390e-01   -9.3054942146e-03    2.1444880027e+00
 283    9.3410690313e-01    7.7934317547e-01    6.6119417665e-02    1.9737620315e+00
 284    1.0118680410e+00    7.9496146122e-01    1.9691668944e-02    2.1277745068e+00
 285    1.0056435306e+00    7.8483845107e-01    1.5956713484e-01    2.1425953349e+00
 286    9.9409697252e-01    7.7145684174e-01    1.3343249140e-02    2.0918880714e+00
 287    9.9228976856e-01    7.8087980436e-01    6.2397532611e-03    2.0855098715e+00
 288    1.0248964156e+00    7.9217438067e-01    5.0417018429e-02    2.1550240053e+00
 289    1.1753319123e+00    6.5219557645e-01    1.3230819856e-01    2.4502777907e+00
 290    1.0015376988e+00    8.0121968518e-01    1.6218832364e-02    2.1097291581e+00
 291    1.0039381198e+00    7.9889742190e-01    1.9786870878e-02    2.1134478240e+00
 292    1.0086866518e+00    8.0087356174e-01    2.7727495191e-03    2.1246529257e+00
 293    1.0658747103e+00    7.4602940428e-01    1.9777919730e-01    2.2601471287e+00
 294    9.9529094534e-01    7.8385378032e-01    1.6368721366e-02    2.0956433803e+00
 295    9.9200941694e-01    7.9018382353e-01    7.8997760438e-03    2.0867267073e+00
 296    1.1407590255e+00    6.8593435559e-01    5.9767272925e-02    2.3671189153e+00
 297    1.0906205536e+00    7.3440957244e-01    6.1544402951e-02    2.2701477462e+00
 298    1.0024497838e+00    7.9999185599e-01    2.0326415825e-02    2.1110063481e+00
 299    1.0107605717e+00    7.9933407739e-01    6.0959116545e-03    2.1279938640e+00
 300    9.8772897419e-01    8.0215532396e-01    1.2145574834e-02    2.0818921304e+00
 301    1.0614832268e+00    7.6422141078e-01    5.1156354143e-02    2.2186910864e+00
 302    1.0018820792e+00    8.0007649142e-01    1.9269252245e-02    2.1098412454e+00
 303    1.0109620072e+00    7.9704210701e-01    1.0007994020e-02    2.1270295837e+00
 304    1.0064610185e+00    7.9984017103e-01    9.3906528426e-03    2.1192499159e+00
 305    9.9610184634e-01    8.0199774299e-01    1.6535174159e-02    2.0989047165e+00
 306    1.0117950286e+00    7.9523040241e-01    1.2685595963e-02    2.1276990636e+00
 307    1.0097188604e+00    7.9602237507e-01    1.6862371518e-02    2.1238291483e+00
 308    9.2525004241e-01    8.1361528499e-01    1.7616198781e-03    1.9652098826e+00
 309    9.1400702972e-01    7.7027289096e-01    7.5337854812e-02    1.9324001561e+00
 310    9.5299991332e-01    7.9220339482e-01    5.0950931851e-02    2.0137042815e+00
 311    1.0060410860e+00    7.6422939516e-01    2.2669503729e-02    2.1134136862e+00
 312    7.8133725788e-01    7.6939820195e-01   -3.9276239856e-02    1.6790868204e+00
 313    9.9839807612e-01    8.0016542357e-01    1.6025908500e-02    2.1025820999e+00
 314    8.7822231733e-01    7.6308896770e-01   -6.5442106740e-02    1.8560009507e+00
 315    8.4778540427e-01    7.5963876509e-01   -6.8931603835e-02    1.7975962494e+00
 316    8.5343011856e-01    7.8954671767e-01    4.0215150013e-02    1.8263583516e+00
 317    8.6311475651e-01    7.8759059562e-01    4.9932043193e-02    1.8432463013e+00
 318    8.9990502214e-01    7.8216876228e-01    6.4137749340e-02    1.9095993124e+00
 319    9.0124931126e-01    7.4652946908e-01   -7.6452399678e-02    1.8945817704e+00
 320    9.7346782704e-01    8.0763484617e-01    2.4430052030e-02    2.0575507415e+00
 321    8.4687991407e-01    7.9616173750e-01    1.1107426225e-02    1.8195418919e+00
 322    8.9160897298e-01    8.0551692470e-01   -2.5173954218e-02    1.9117202118e+00
 323    8.1293785457e-01    7.8529795604e-01    3.7776629440e-02    1.7521538807e+00
 324    7.7318734541e-01    7.7059147310e-01   -3.3740588232e-02    1.6651501014e+00
 325    7.9262964117e-01    7.7839576749e-01   -3.3920977822e-02    1.7038255782e+00
 326    8.1046483855e-01    7.6816207473e-01   -5.5744217675e-02    1.7315232105e+00
 327    8.2024971881e-01    7.6511949068e-01   -6.0738938961e-02    1.7481066758e+00
 328    9.8343239635e-01    7.9815961420e-01    5.1029706275e-03    2.0715994970e+00
 329    9.5274849902e-01    7.8853043620e-01   -2.3604135799e-02    2.0073185749e+00
 330    7.9802341407e-01    7.8067192039e-01    2.0935441269e-02    1.7208136914e+00
 331    8.0624183165e-01    7.7842089913e-01    6.2553555227e-02    1.7403313834e+00
 332    8.7568121336e-01    7.8214512102e-01    6.1640152753e-02    1.8640301808e+00
 333    1.0011883040e+00    7.6801416485e-01    3.6712518328e-02    2.1023979207e+00
 334    1.0012102120e+00    8.0166166467e-01    2.5994356334e-02    2.1095698668e+00
 335    1.0073672686e+00    7.9778672637e-01    1.3621449916e-02    2.1199077594e+00
 336    1.0153860068e+00    7.2668149189e-01    6.3117473667e-02    2.1193434290e+00
 337    9.3306345448e-01    7.6348553596e-01    8.0757893267e-02    1.9668752488e+00
 338    9.0427834345e-01    7.7266314476e-01    7.2735420157e-02    1.9145542801e+00
 339    9.5663069732e-01    8.0984089402e-01    5.1003216388e-03    2.0240136994e+00
 340    8.7101583062e-01    8.0568378888e-01    2.1337304618e-02    1.8668545925e+00
 341    1.0770844276e+00    7.6807172909e-01   -1.3820899649e-01    2.2789870765e+00
 342    9.6890443026e-01    7.9593691555e-01   -5.5704157576e-03    2.0416729488e+00
 343    1.0011912621e+00    7.0530756292e-01   -4.8137072866e-02    2.0812011043e+00
 344    9.1510756216e-01    7.4010771428e-01   -7.8431989708e-02    1.9190518109e+00
 345    1.0091231351e+00    7.9633125059e-01    1.8356936161e-02    2.1227812209e+00
 346    1.0033865015e+00    7.9896624078e-01    1.8061857742e-02    2.1123073924e+00
 347    1.0964137906e+00    7.5290485976e-01   -9.8666591363e-02    2.3005984912e+00
 348    1.0049764751e+00    7.9861482078e-01    1.5323265585e-02    2.1153955627e+00
 349    9.2191856073e-01    8.1118871951e-01    2.8473924762e-02    1.9605701732e+00
 350    1.0011306280e+00    7.7452541622e-01    1.9752574940e-02    2.1050771242e+00
 351    9.8099819822e-01    8.1293813833e-01    5.1005006030e-02    2.0767445604e+00
 352    9.4337188527e-01    7.5790188827e-01    8.3712233693e-02    1.9848717802e+00
 353    1.0188629693e+00    7.4367580391e-01    1.1233732724e-02    2.1372520271e+00
 354    9.9730109416e-01    7.9227684421e-01    1.6783064304e-02    2.1000206761e+00
 355    8.5134137182e-01    7.7009260456e-01   -6.1489264397e-02    1.8081182766e+00
 356    9.8842045767e-01    8.0561284631e-01    1.4554431285e-02    2.0855978396e+00
 357    1.1674149353e+00    6.9140515158e-01   -1.3230000950e-01    2.4488600120e+00
 358    9.1145798083e-01    8.0044624908e-01    1.2205136440e-01    1.9594199609e+00
 359    1.1594288977e+00    6.4403408826e-01    2.7865942237e-01    2.4690471830e+00
 360    8.9484961560e-01    8.1671135369e-01    9.0907804425e-03    1.9101715938e+00
 361    9.9606996736e-01    7.9375899285e-01    1.3013131634e-02    2.0964168022e+00
 362    1.2702428976e+00    5.1263029658e-01   -1.0216359855e-02    2.6559410476e+00
 363    1.0231535838e+00    7.9228169190e-01    1.2404708705e-03    2.1501239306e+00
 364    1.0351224792e+00    7.8758155144e-01    7.0154892016e-02    2.1758485490e+00
 365    1.1410463842e+00    6.9590183026e-01    7.1170123278e-03    2.3685797601e+00
 366    1.0753873474e+00    7.5062687193e-01    3.6942266465e-02    2.2416159208e+00
 367    9.9404706339e-01    7.6060976814e-01   -4.2254047642e-03    2.0851950083e+00
 368    8.5733764255e-01    7.8790825493e-01    4.4946505878e-02    1.8327522411e+00
 369    1.0538331836e+00    7.7188437137e-01    7.2067849534e-02    2.2076673547e+00
 370    9.2376008071e-01    8.1522579352e-01   -3.2180825161e-02    1.9755629609e+00
 371    9.8453953225e-01    7.6279920425e-01   -2.0863439286e-02    2.0649797148e+00
 372    1.0272607913e+00    7.2427410429e-01   -4.8542516166e-03    2.1474072968e+00
 373    1.3027408989e+00    4.3472680330e-01    1.2273305869e-01    2.7526633881e+00
 374    9.9282871703e-01    7.8185384139e-01    9.4961204648e-03    2.0875596676e+00
 375    9.8425444904e-01    7.4768126387e-01    7.2162407376e-02    2.0621800393e+00
 376    9.9407760263e-01    7.8688251085e-01    1.1001990487e-02    2.0911488632e+00
 377    1.0015044161e+00    8.0099061816e-01    2.1547690598e-02    2.1096616742e+00
 378    9.7288515634e-01    7.9190524689e-01    4.2884777547e-02    2.0517344508e+00
 379    9.9843911758e-01    7.9962290825e-01    1.5807780162e-02    2.1024265021e+00
 380    8.7324756030e-01    7.9108841461e-01    5.0254985815e-02    1.8632651726e+00
 381    9.0430361360e-01    7.9043409919e-01    5.5409110287e-02    1.9203147374e+00
 382    8.8592067237e-01    7.5088518634e-01   -7.5142502085e-02    1.8667204583e+00
 383    8.9464261535e-01    8.0110909522e-01   -4.0723236252e-02    1.9184749665e+00
 384    7.6486848563e-01    7.7047027932e-01   -2.5099757647e-02    1.6504109638e+00
 385    7.9832144348e-01    7.6951124127e-01   -4.9682400412e-02    1.7099111618e+00
 386    9.9031318702e-01    7.9744796008e-01    9.2743160779e-03    2.0852092286e+00
 387    9.8305851353e-01    8.0563936404e-01    1.2789815371e-02    2.0744361368e+00
 388    9.8037703253e-01    7.7777689911e-01   -1.0999310435e-02    2.0592888263e+00
 389    8.0686835513e-01    7.7754633906e-01    4.6589744489e-02    1.7388551151e+00
 390    1.0023328141e+00    7.7421870044e-01    2.6922978629e-02    2.1065434985e+00
 391    9.2260639133e-01    7.6668430576e-01    7.8349532445e-02    1.9476615769e+00
 392    9.1047204657e-01    7.7611803563e-01    6.9529396096e-02    1.9277447074e+00
 393    9.8053922867e-01    8.0879051789e-01    2.2151886847e-02    2.0713824979e+00
 394    1.0485377337e+00    7.8628946890e-01   -1.0903974574e-01    2.2181079104e+00
 395    9.7626434416e-01    7.1857634879e-01   -5.9044699236e-02    2.0331390323e+00
 396    1.0067739131e+00    7.9739948962e-01    1.8509842860e-02    2.1184789206e+00
 397    1.0071674152e+00    7.9723915631e-01    1.7468712415e-02    2.1191967449e+00
 398    1.0799988167e+00    7.6317523297e-01   -6.2018296735e-02    2.2619118546e+00
 399    1.0267299009e+00    8.0040480547e-01   -7.6332243770e-02    2.1723013767e+00
 400    9.8716750985e-01    8.0973029321e-01    3.9313785631e-02    2.0862068794e+00
 401    1.0285310850e+00    7.3734220659e-01    2.9226936783e-02    2.1542604884e+00
 402    9.9950214028e-01    7.9893940842e-01    1.6224362769e-02    2.1047318746e+00
 403    9.9763185043e-01    7.9439295300e-01    1.6962285884e-02    2.1008641580e+00
 404    8.5927043408e-01    7.6226854130e-01   -6.8147531933e-02    1.8205285321e+00
 405    9.9483085718e-01    8.0309344863e-01    1.4182619753e-02    2.0970856970e+00
 406    1.1356416748e+00    7.2019321168e-01   -7.8617002639e-02    2.3725080132e+00
 407    9.9787146343e-01    7.9811499996e-01    1.4468377213e-02    2.1009776280e+00
 408    1.0565630473e+00    7.6627290929e-01    3.0061431460e-02    2.2079528788e+00
 409    1.0108422611e+00    7.3244784894e-01   -6.2500844938e-03    2.1137470000e+00
 410    9.9526602614e-01    7.9110809418e-01    1.2122196200e-02    2.0942066095e+00
 411    9.9267464026e-01    7.8215948024e-01    1.2955716616e-02    2.0891707964e+00
 412    9.9765527577e-01    8.0239456924e-01    1.9451155982e-02    2.1024336378e+00
 413    9.8939825508e-01    7.8645139397e-01    3.6072750655e-02    2.0825393047e+00
 414    9.1051737315e-01    8.0099487444e-01    4.3259074236e-02    1.9353000534e+00
 415    9.3402383312e-01    8.0260010724e-01    4.3456597458e-02    1.9806271600e+00
 416    9.9321675061e-01    7.9969172235e-01    1.2139844003e-02    2.0919616515e+00
 417    9.9780541271e-01    7.9400020663e-01    2.1843045374e-02    2.1008579999e+00
 418    1.0005444482e+00    7.8625902923e-01    2.1202609943e-02    2.1053506929e+00
 419    9.9868837607e-01    8.0374347077e-01    2.9740809761e-02    2.1057823505e+00
 420    1.0049981240e+00    7.9827479106e-01    1.8414215427e-02    2.1152745114e+00
 421    1.0054574080e+00    7.9806109877e-01    1.7005351171e-02    2.1160935277e+00
 422    1.0511694603e+00    7.8637782446e-01   -5.8891478495e-02    2.2112669819e+00
 423    1.0152228475e+00    8.0658313976e-01   -4.9226988103e-02    2.1468083764e+00
 424    1.0086508144e+00    7.5622730276e-01    3.2157940600e-02    2.1151499126e+00
 425    1.0002747046e+00    8.0052255501e-01    1.5633259195e-02    2.1068276450e+00
 426    9.9822290509e-01    7.9982616480e-01    1.6346921132e-02    2.1022734410e+00
 427    1.0494422472e+00    7.7237089767e-01    1.5013030601e-02    2.1954469595e+00
 428    9.9494967515e-01    7.8940923277e-01    1.3222288244e-02    2.0939356931e+00
 429    9.9566963361e-01    7.9635576278e-01    1.2469349460e-02    2.0959384624e+00
 430    9.4034199991e-01    8.1044769361e-01    3.2606506443e-02    1.9953803816e+00
 431    9.9660466853e-01    7.9739998602e-01    1.3381205031e-02    2.0981785413e+00
 432    9.9415406407e-01    7.9020448392e-01    2.7287531237e-02    2.0926466834e+00
 433    1.0043599867e+00    7.9859299087e-01    1.6525069654e-02    2.1141048493e+00
 434    1.0022528292e+00    8.1005189029e-01   -2.7372111282e-02    2.1193132399e+00
 435    1.0146086430e+00    7.5138385454e-01    2.2445896893e-02    2.1288617111e+00
 436    1.0334761099e+00    7.8201951895e-01    1.9849009522e-02    2.1662740749e+00
 437    9.9445763569e-01    7.8842567176e-01    1.5131517913e-02    2.0938944346e+00
 438    9.5753943341e-01    8.1016380859e-01    2.8056013312e-02    2.0280189219e+00
 439    9.9701573827e-01    7.9612544792e-01    1.3852325557e-02    2.0988907788e+00
 440    9.9720674923e-01    7.9908343310e-01    1.4157345248e-02    2.0998562248e+00
 441    9.8751339456e-01    7.9922558698e-01    2.6239339783e-02    2.0816204025e+00
 442    1.0030563208e+00    7.9913656927e-01    1.6962597143e-02    2.1117047631e+00
 443    1.0068509478e+00    7.5561223702e-01    1.3985278481e-02    2.1151633556e+00
 444    1.0232743116e+00    7.8922150982e-01    2.3865475083e-02    2.1486499331e+00
 445    1.0248739087e+00    7.8749281917e-01    1.7527168934e-02    2.1509542444e+00
 446    9.7148933484e-01    8.0155894116e-01    3.3881552474e-02    2.0514632964e+00
 447    9.9696693410e-01    7.9537669058e-01    1.4709796064e-02    2.0990772509e+00
 448    9.9667359320e-01    8.0079009255e-01    1.4907132870e-02    2.0994186889e+00
 449    9.9555084556e-01    7.9815751094e-01    2.0370659873e-02    2.0967621093e+00
 450    1.0253739973e+00    7.8881114686e-01    3.1953344542e-02    2.1530651562e+00
 451    1.0174689739e+00    7.9211474918e-01    2.3346788757e-02    2.1380120591e+00
 452    1.0253369060e+00    7.8812198043e-01    1.3046372063e-02    2.1522603602e+00
 453    9.9738114397e-01    8.0143125379e-01    1.6271269143e-02    2.1012191076e+00
 454    9.9796780555e-01    7.9988537138e-01    1.4896222465e-02    2.1016751416e+00
 455    1.0204017886e+00    7.9242765906e-01    3.5500580353e-02    2.1447729130e+00
 456    1.0102367566e+00    7.9566424915e-01    2.1445464289e-02    2.1247864934e+00
 457    1.0209199334e+00    7.9072258925e-01    1.0818599825e-02    2.1443609679e+00
 458    1.0165029288e+00    7.9390569464e-01    9.3629671568e-03    2.1368693394e+00
 459    9.9825280536e-01    8.0004675199e-01    1.5383695157e-02    2.1022707895e+00
 460    1.0131088426e+00    7.9452570871e-01    2.4107542874e-02    2.1302256016e+00
 461    1.0128802531e+00    7.9500325662e-01    2.8301729342e-02    2.1301291749e+00
 462    1.0080931567e+00    7.9733110923e-01    2.6699671007e-02    2.1214036000e+00
 463    9.9982274442e-01    7.8997401749e-01    1.8698851995e-02    2.1047430782e+00
 464    9.9764811251e-01    7.7201957504e-01    1.5527824424e-02    2.0989314456e+00
 465    1.3627987208e+00    3.3510546589e-01   -4.8745230579e-02    2.9048128772e+00
 466    9.9983823290e-01    7.5876796246e-01    8.0932782316e-03    2.1004701507e+00
 467    9.9668432117e-01    7.6585127009e-01    1.1386184084e-02    2.0960795598e+00
 468    9.9345461221e-01    7.5127523818e-01    6.0340714957e-02    2.0820148290e+00
 469    1.0438014352e+00    7.7565072988e-01    3.5956467379e-02    2.1854310049e+00
 470    1.0823112774e+00    7.5601500289e-01   -2.9708069183e-02    2.2605918071e+00
 471    1.0205333129e+00    8.0113102576e-01   -2.0951073418e-02    2.1509418282e+00
 472    9.9561871913e-01    7.9196500160e-01    1.5931824102e-02    2.0965499895e+00
 473    1.0080208722e+00    7.9672186204e-01    2.0809408829e-02    2.1207305694e+00
 474    9.9940541480e-01    7.9482696420e-01    1.8124997396e-02    2.1042423837e+00
 475    9.9330308687e-01    7.8461826043e-01    1.4877358900e-02    2.0914469114e+00
 476    1.0076609584e+00    7.9705644913e-01    1.6255714517e-02    2.1201078567e+00
 477    9.6882512070e-01    8.1394906624e-01    9.8428640760e-03    2.0518857075e+00
 478    1.0034678106e+00    8.0246171197e-01    4.3358629265e-02    2.1155138907e+00
 479    9.9916419670e-01    7.9772264597e-01    1.6982233067e-02    2.1041178982e+00
 480    1.0137125491e+00    7.9389497764e-01    1.4784866565e-02    2.1309724666e+00
 481    1.0125329757e+00    7.4641017668e-01    4.0648681109e-02    2.1206477691e+00
 482    1.0044378899e+00    7.9853032492e-01    1.7730020278e-02    2.1142462241e+00
 483    1.0033413728e+00    7.9895910747e-01    1.7640709666e-02    2.1122057038e+00
 484    9.9969601452e-01    7.5784382083e-01    4.6284613787e-02    2.0964024663e+00
 485    9.9602951199e-01    8.0071037926e-01    1.7546701158e-02    2.0983310100e+00
 486    9.9489326789e-01    8.0133587542e-01    1.4286771978e-02    2.0960692208e+00
 487    1.0131807423e+00    7.9429106493e-01    2.1814876082e-02    2.1301944827e+00
 488    9.9775381460e-01    7.8720477648e-01    1.6952573517e-02    2.1005857993e+00
 489    9.9596575242e-01    7.7807368456e-01    1.5913242195e-02    2.0963997201e+00
 490    9.9349880770e-01    7.6912465668e-01    9.7661865673e-03    2.0890107893e+00
 491    1.3277075595e+00    4.4741219732e-01   -1.8149383627e-01    2.8293958783e+00
 492    1.2644096414e+00    5.6695897784e-01   -2.4276148511e-01    2.6977957772e+00
 493    1.0340692882e+00    7.8355260032e-01    3.4927707142e-02    2.1687445465e+00
 494    1.0626953720e+00    7.6868643532e-01   -1.5201085127e-02    2.2227814147e+00
 495    9.9697974259e-01    8.0966782531e-01   -9.8063546886e-03    2.1066765479e+00
 496    9.9624606220e-01    7.9404389361e-01    1.5877537775e-02    2.0980092743e+00
 497    1.0066067222e+00    7.9759683975e-01    2.1158932483e-02    2.1182944116e+00
 498    1.0064183455e+00    7.9762052839e-01    1.9468503454e-02    2.1178807646e+00
 499    9.9859139360e-01    7.9817785269e-01    1.7270829988e-02    2.1027966393e+00
 500    9.9499671429e-01    7.8908288836e-01    1.6682022949e-02    2.0953389418e+00
 501    9.8004887138e-01    8.0971681019e-01    1.3413135306e-02    2.0713731763e+00
 502    1.0151313661e+00    7.9696272425e-01    4.2768518769e-02    2.1366825490e+00
 503    1.0003366127e+00    8.0013310962e-01    1.6371436438e-02    2.1068830453e+00
 504    1.0027382207e+00    7.9921184903e-01    1.7346085483e-02    2.1110898104e+00
 505    9.9324223447e-01    8.0287590985e-01    1.5649562038e-02    2.0935480626e+00
 506    1.0152146418e+00    7.9269519033e-01    2.0332621569e-02    2.1335208844e+00
 507    9.9723875630e-01    7.9028299189e-01    1.6845135797e-02    2.0998387291e+00
 508    9.9390828985e-01    7.7763675539e-01    1.5040606961e-02    2.0923003157e+00
 509    9.9345484607e-01    7.7201000764e-01    6.3870302595e-03    2.0872778597e+00
 510    1.1949228091e+00    6.4910498482e-01   -2.4132550583e-01    2.5471063533e+00
 511    1.0301860982e+00    7.8733903577e-01    4.0262605674e-02    2.1628147763e+00
 512    1.0464431082e+00    7.8039550568e-01   -1.4605461883e-02    2.1937087113e+00
 513    9.9632512926e-01    7.9530433197e-01    1.6547101693e-02    2.0983297351e+00
 514    1.0060920420e+00    7.9808738853e-01    2.3244279303e-02    2.1175583096e+00
 515    9.8987124285e-01    8.0715592407e-01    6.7805408835e-03    2.0895992402e+00
 516    9.8370390893e-01    8.0500617548e-01    2.1152233922e-02    2.0760618464e+00
 517    9.9918588974e-01    7.9858623718e-01    1.7422694070e-02    2.1043791869e+00
 518    1.0018655825e+00    7.9949696094e-01    1.7228295278e-02    2.1094303550e+00
 519    9.9859034369e-01    7.9475552269e-01    1.6816134700e-02    2.1027303265e+00
 520    9.9532464109e-01    7.8724076981e-01    1.6551420064e-02    2.0959752696e+00
 521    9.9227670598e-01    7.7267735325e-01    1.2023400552e-02    2.0876473045e+00
 522    1.1342773020e+00    6.9332994816e-01   -2.4927855112e-01    2.4293759917e+00
 523    1.0479838195e+00    7.7589621572e-01    1.5308835721e-03    2.1942066629e+00
 524    1.0028890778e+00    8.0374087693e-01   -1.7074254576e-03    2.1145159799e+00
 525    9.9779391711e-01    8.0479681710e-01    7.2075416622e-03    2.1043494334e+00
 526    1.0021282131e+00    7.9948482476e-01    1.6968872557e-02    2.1099666686e+00
 527    9.9934897185e-01    7.9719528398e-01    1.6595339015e-02    2.1043088570e+00
 528    9.9348386035e-01    7.8235096562e-01    1.5815532254e-02    2.0919810066e+00
 529    9.9239824944e-01    7.7570517490e-01    1.3436933628e-02    2.0886568811e+00
 530    1.0802525224e+00    7.3773845932e-01   -2.1100831617e-01    2.3138071292e+00
 531    1.0021586931e+00    7.9957812683e-01    1.6720655186e-02    2.1100768404e+00
 532    9.9899568235e-01    7.9686727860e-01    1.6503479854e-02    2.1036279509e+00
 533    9.9310649223e-01    7.7878211648e-01    1.5183169242e-02    2.0908507887e+00
 534    9.9220516840e-01    7.7854978040e-01    1.3675995169e-02    2.0884379184e+00
 535    1.0025727354e+00    7.9964963345e-01    1.6218894937e-02    2.1109732280e+00
 536    9.9265355569e-01    7.8187200016e-01    1.4857825727e-02    2.0900792238e+00
 537    1.0025310961e+00    7.9925725406e-01    1.7628898153e-02    2.1106838431e+00
 538    1.0102962600e+00    7.9576436839e-01    1.5081017407e-02    2.1248645811e+00
 539    9.8701336354e-01    7.6920842312e-01    4.9350431858e-02    2.0735157662e+00
 540    9.8698059371e-01    7.7928664495e-01    4.3261270993e-02    2.0761847626e+00
 541    9.7106307243e-01    7.7005246879e-01    6.0457696433e-02    2.0421020594e+00
 542    1.0415370189e+00    7.7600531533e-01    2.4910477531e-02    2.1804307889e+00
 543    1.0070650435e+00    8.0026972914e-01    3.7034925651e-02    2.1214028437e+00
 544    1.0154297928e+00    7.9728709045e-01   -2.0117650430e-03    2.1367754734e+00
 545    1.0119945309e+00    7.9480901439e-01    1.7748268096e-02    2.1279232616e+00
 546    1.0014548166e+00    7.9955029074e-01    1.7552142397e-02    2.1086055056e+00
 547    9.9739052836e-01    7.7817956749e-01    3.5323314948e-02    2.0970088353e+00
 548    1.0050219993e+00    7.9847536922e-01    2.0815827089e-02    2.1154899801e+00
 549    1.0045510968e+00    7.9861834515e-01    1.9511983490e-02    2.1145628670e+00
 550    1.0280657899e+00    7.8676539747e-01    2.8046073127e-02    2.1575169631e+00
 551    9.9278000238e-01    7.8058788279e-01    1.1668242139e-02    2.0884630507e+00
 552    1.0089476665e+00    7.9680440154e-01    1.4084894130e-02    2.1226454236e+00
 553    1.0078363515e+00    7.9779939203e-01    3.1550372271e-02    2.1212991157e+00
 554    9.9815230281e-01    7.8283061933e-01    2.9512036944e-02    2.0993994175e+00
 555    1.0051226031e+00    7.9827979636e-01    1.9131184736e-02    2.1155489962e+00
 556    1.0036847108e+00    7.9892763549e-01    1.8993180098e-02    2.1129216931e+00
 557    1.0285766592e+00    7.8556268424e-01    2.4291131748e-02    2.1578555720e+00
 558    1.0222749931e+00    7.8988701834e-01    2.6443557676e-02    2.1469534656e+00
 559    1.0047021802e+00    7.9982074103e-01    2.8862695195e-02    2.1158668939e+00
 560    1.0001333856e+00    7.8164811382e-01    2.4255965794e-02    2.1032111765e+00
 561    1.0029374567e+00    7.9922050174e-01    1.8364547043e-02    2.1115239814e+00
 562    1.0258501006e+00    7.8708390630e-01    2.1232054376e-02    2.1528324433e+00
 563    1.0018561553e+00    7.9952788962e-01    1.7988383231e-02    2.1094350429e+00
 564    1.0030908288e+00    7.9924602075e-01    1.9059993218e-02    2.1118707986e+00
 565    1.0038713783e+00    7.9918064419e-01    2.0757743528e-02    2.1134993167e+00
 566    1.0031710676e+00    7.9935509638e-01    1.9828555956e-02    2.1121191670e+00
 567    1.0050839566e+00    7.9925030849e-01    2.5709377746e-02    2.1162173260e+00
 568    1.0032318906e+00    7.9976155294e-01    2.1780962330e-02    2.1125329923e+00
 569    1.0024753622e+00    7.9961453444e-01    1.9192131005e-02    2.1108054686e+00
 570    1.0032783104e+00    7.9992562726e-01    2.3548000265e-02    2.1127762976e+00
 571    1.0018956469e+00    7.9977099522e-01    1.8522986631e-02    2.1096654345e+00
 572    1.0016009129e+00    7.9999833934e-01    1.8593076925e-02    2.1091834546e+00
 573    9.9970612288e-01    8.0236754082e-01    2.2916455813e-02    2.1067909973e+00
 574    1.0016409808e+00    7.9964692509e-01    1.8129623019e-02    2.1090523913e+00

