----- Residuals -----
Node #      R1                  R2                  R3                  R4
    0   -1.1535911115e-16   -6.1235738702e-16    9.0795426733e-15   -2.7755575616e-15
    1    2.7651492207e-15    2.3962819576e-14    1.8405416080e-15    3.6252251201e-14
    2   -1.0078743395e-15    2.4942287818e-14    3.6377151291e-15    2.7821495108e-14
    3   -2.6359123217e-15    2.4183563138e-14    4.0158848469e-15    2.2173235470e-14
    4   -3.1641356202e-15    2.3226212620e-14    4.0644571042e-15    1.9378595950e-14
    5   -4.3290024343e-15    2.2386606457e-14    3.9673125896e-15    1.5770371120e-14
    6   -5.4102772609e-15    2.0761170560e-14    3.8007791359e-15    1.1513793391e-14
    7   -6.3829150299e-15    1.9334143661e-14    3.5926123187e-15    7.7819695132e-15
    8   -7.6803797697e-15    1.7545426917e-14    3.4555691641e-15    3.1858196636e-15
    9   -8.9393553324e-15    1.5347749113e-14    3.2283203888e-15   -1.6889701443e-15
   10   -9.0786753115e-15    1.3233880138e-14    2.9091312692e-15   -4.1477238311e-15
   11   -1.0226194891e-14    1.1799046983e-14    2.7200464103e-15   -7.6258444004e-15
   12   -1.1237538677e-14    1.0323881507e-14    2.4650420594e-15   -1.1005085732e-14
   13   -1.1255753274e-14    8.8155394443e-15    2.1527918337e-15   -1.2592357712e-14
   14   -1.1484736773e-14    7.6680198649e-15    1.9116652705e-15   -1.4113710201e-14
   15   -1.1457848559e-14    6.3773855988e-15    1.6670692604e-15   -1.5395670849e-14
   16   -1.1426840377e-14    4.9142547670e-15    1.4606371668e-15   -1.6716229095e-14
   17   -1.1065801053e-14    3.4412576955e-15    1.2524703497e-15   -1.7368051441e-14
   18   -9.8154991079e-15    2.4627652348e-15    8.6562701451e-16   -1.5973333767e-14
   19   -8.2772872757e-15    1.8622934141e-15    4.9439619065e-16   -1.3784654841e-14
   20   -6.8193064043e-15    1.5740447140e-15    2.7061686225e-16   -1.1499698763e-14
   21   -5.8214067247e-15    1.3619205590e-15    1.4918621893e-16   -9.9802978382e-15
   22   -5.0917386626e-15    1.0807327255e-15    5.3776427755e-17   -8.9836992012e-15
   23   -4.5189546549e-15    7.7227720746e-16   -2.2551405188e-17   -8.1983031475e-15
   24   -3.7002193844e-15    6.1777839788e-16   -2.0296264669e-16   -6.7931771319e-15
   25   -2.7694860294e-15    5.2085072366e-16   -3.0184188482e-16   -5.1833537462e-15
   26   -1.9692364059e-15    6.5876124000e-16   -5.2215176627e-16   -3.7372448886e-15
   27   -1.2182095610e-15    4.7878367937e-16   -3.8684333514e-16   -2.4034593760e-15
   28   -8.0577905459e-16    4.7011006199e-16   -5.6378512969e-16   -1.6410484083e-15
   29   -3.7079714299e-16    3.0444397003e-16   -4.9439619065e-16   -7.7802347898e-16
   30   -8.0664641633e-17    1.5439038936e-16   -3.9573379296e-16   -1.4137996329e-16
   31    6.3751087742e-17    3.1225022568e-17   -3.7621815385e-16    1.7303866673e-16
   32    2.5977484053e-16   -7.6327832943e-17   -4.9352882892e-16    5.9414279052e-16
   33    5.8113236445e-16   -1.0842021725e-16   -4.4408920985e-16    1.3340023530e-15
   34    9.3328123008e-16   -1.3704315460e-16   -3.6082248300e-16    2.0140139556e-15
   35    1.4085954625e-15   -5.8113236445e-17   -3.4520997172e-16    2.9941327195e-15
   36    1.9862583800e-15    8.0014120329e-17   -2.9143354396e-16    4.0176195704e-15
   37    2.8385497078e-15    3.0639553394e-16   -2.0990154059e-16    5.6068431148e-15
   38    3.9587473924e-15    3.5431726997e-16   -4.8572257327e-17    7.4807781497e-15
   39    4.9396250978e-15    2.0648630375e-16    3.4694469520e-17    9.0864815672e-15
   40    5.8379408079e-15    1.1053441148e-16    1.1275702594e-16    1.0621495003e-14
   41    6.7029715112e-15   -4.8409627001e-17    2.2898349883e-16    1.1952244749e-14
   42    7.7212541916e-15   -2.1320158096e-16    3.4347524824e-16    1.3385126341e-14
   43    9.3659888872e-15   -3.7489000619e-16    5.1347814889e-16    1.5898957498e-14
   44    1.1692036228e-14   -8.7018066364e-16    9.0205620751e-16    1.9283186159e-14
   45    1.4280948386e-14   -2.0161823600e-15    1.4398204851e-15    2.2706717149e-14
   46    1.6578914890e-14   -3.5993343722e-15    2.0140139556e-15    2.5482437341e-14
   47    1.7910152528e-14   -4.7316751212e-15    2.4494295481e-15    2.6957602817e-14
   48    1.8359445908e-14   -6.4695427834e-15    3.0461744238e-15    2.6159630018e-14
   49    1.7050217575e-14   -8.8644369622e-15    3.1745439610e-15    2.1458312557e-14
   50    1.5368782635e-14   -1.1322214867e-14    3.3792413312e-15    1.6058335217e-14
   51    1.3699978652e-14   -1.3052709955e-14    3.5093455919e-15    1.1338152639e-14
   52    1.2026621019e-14   -1.5420715919e-14    3.7747582837e-15    5.9696171617e-15
   53    1.0147264973e-14   -1.9106461205e-14    3.9447611844e-15   -1.6098233857e-15
   54    7.1076499721e-15   -2.0021744679e-14    3.8979236505e-15   -8.4959166438e-15
   55    6.2727600891e-15   -2.1078624957e-14    3.9499653548e-15   -1.1358969321e-14
   56    5.9165996755e-15   -2.2652886511e-14    4.2361947283e-15   -1.4135394244e-14
   57    4.9240125866e-15   -2.4295669643e-14    4.3576253717e-15   -1.8485213360e-14
   58    3.6636275610e-15   -2.5338021611e-14    4.4044629055e-15   -2.2919383405e-14
   59    2.2169766023e-15   -2.5848030313e-14    4.1321113198e-15   -2.7358323940e-14
   60    1.8153881176e-15   -2.6574012088e-14    3.7157776855e-15   -3.1565028369e-14
   61   -2.1625496532e-15   -2.5100798176e-14    1.8006429681e-15   -4.1102104359e-14
   62    0.0000000000e+00    0.0000000000e+00    0.0000000000e+00    0.0000000000e+00
   63    0.0000000000e+00    0.0000000000e+00    0.0000000000e+00    0.0000000000e+00
   64    0.0000000000e+00    0.0000000000e+00    0.0000000000e+00    0.0000000000e+00
   65    0.0000000000e+00    0.0000000000e+00    0.0000000000e+00    0.0000000000e+00
   66    0.0000000000e+00    0.0000000000e+00    0.0000000000e+00    0.0000000000e+00
   67    0.0000000000e+00    0.0000000000e+00    0.0000000000e+00    0.0000000000e+00
   68    0.0000000000e+00    0.0000000000e+00    0.0000000000e+00    0.0000000000e+00
   69    0.0000000000e+00    0.0000000000e+00    0.0000000000e+00    0.0000000000e+00
   70    0.0000000000e+00    0.0000000000e+00    0.0000000000e+00    0.0000000000e+00
   71    0.0000000000e+00    0.0000000000e+00    0.0000000000e+00    0.0000000000e+00
   72    0.0000000000e+00    0.0000000000e+00    0.0000000000e+00    0.0000000000e+00
   73    0.0000000000e+00    0.0000000000e+00    0.0000000000e+00    0.0000000000e+00
   74    0.0000000000e+00    0.0000000000e+00    0.0000000000e+00    0.0000000000e+00
   75    0.0000000000e+00    0.0000000000e+00    0.0000000000e+00    0.0000000000e+00
   76    0.0000000000e+00    0.0000000000e+00    0.0000000000e+00    0.0000000000e+00
   77    0.0000000000e+00    0.0000000000e+00    0.0000000000e+00    0.0000000000e+00
   78    0.0000000000e+00    0.0000000000e+00    0.0000000000e+00    0.0000000000e+00
   79    0.0000000000e+00    0.0000000000e+00    0.0000000000e+00    0.0000000000e+00
   80    0.0000000000e+00    0.0000000000e+00    0.0000000000e+00    0.0000000000e+00
   81    0.0000000000e+00    0.0000000000e+00    0.0000000000e+00    0.0000000000e+00
   82    0.0000000000e+00    0.0000000000e+00    0.0000000000e+00    0.0000000000e+00
   83    0.0000000000e+00    0.0000000000e+00    0.0000000000e+00    0.0000000000e+00
   84    0.0000000000e+00    0.0000000000e+00    0.0000000000e+00    0.0000000000e+00
   85    0.0000000000e+00    0.0000000000e+00    0.0000000000e+00    0.0000000000e+00
   86    0.0000000000e+00    0.0000000000e+00    0.0000000000e+00    0.0000000000e+00
   87    0.0000000000e+00    0.0000000000e+00    0.0000000000e+00    0.0000000000e+00
   88    0.0000000000e+00    0.0000000000e+00    0.0000000000e+00    0.0000000000e+00
   89    0.0000000000e+00    0.0000000000e+00    0.0000000000e+00    0.0000000000e+00
   90    0.0000000000e+00    0.0000000000e+00    0.0000000000e+00    0.0000000000e+00
   91    0.0000000000e+00    0.0000000000e+00    0.0000000000e+00    0.0000000000e+00
   92    0.0000000000e+00    0.0000000000e+00    0.0000000000e+00    0.0000000000e+00
   93    0.0000000000e+00    0.0000000000e+00    0.0000000000e+00    0.0000000000e+00
   94    4.9682480352e-15   -2.7755575616e-15    1.0963452368e-15    8.4376949872e-15
   95   -6.3282712404e-15    6.6613381478e-16    4.7878367937e-15   -1.5321077740e-14
   96   -8.8054563641e-15    5.5025428658e-15    4.5519144010e-15   -1.4238610291e-14
   97   -2.8709673527e-16    8.2312628935e-16   -6.4184768611e-16    5.4470317146e-16
   98   -3.7300891542e-15    3.1203338524e-15    3.0335976786e-15   -5.4856293119e-15
   99   -1.2212453271e-15    1.9565376879e-15    1.5733941927e-15   -9.8011876393e-16
  100    8.1740170188e-15   -6.6543992538e-15    8.0491169285e-16    1.1518563880e-14
  101    2.7755575616e-15   -1.8873791419e-15    3.9690473130e-15    5.7731597281e-15
  102   -1.9151347175e-15    2.2898349883e-15   -3.6082248300e-16   -3.8302694350e-15
  103   -6.6353172956e-16    1.9472271018e-15    1.0312931065e-15    2.8449465006e-16
  104    6.1218391467e-15   -2.4741493576e-15    2.5647886592e-15    1.0576609033e-14
  105    5.5958384627e-15   -1.2419535886e-15    3.1404051451e-15    1.0162660644e-14
  106   -2.8456512320e-15    1.9081145084e-15    1.2750082023e-15   -4.2607790126e-15
  107    7.5304346092e-15   -8.8817841970e-16    2.3731017151e-15    1.3766765505e-14
  108    1.3392065235e-15   -6.7307270868e-16    1.6310737483e-15    1.5404344467e-15
  109   -5.3949900103e-15    1.5126788711e-15    9.6580729525e-16   -9.4924068605e-15
  110   -4.4200754168e-15    1.3565537582e-15    1.2871648192e-15   -7.5356387796e-15
  111   -1.8235602915e-15    1.5220030097e-15    9.5407758300e-16   -2.3013004263e-15
  112    3.3861802251e-15   -1.3357370765e-15    2.2165429214e-15    5.0376369742e-15
  113   -3.3164677195e-15    1.0259889862e-15    6.6477263283e-16   -5.5531547785e-15
  114   -2.8041059600e-15    1.3563504703e-15    8.2831182505e-16   -4.3440525157e-15
  115   -3.8892500331e-15    1.0450997435e-15    8.9533415404e-16   -6.6665423182e-15
  116   -2.6237692574e-15    2.4381538455e-15   -1.9138336749e-15   -3.7444006229e-15
  117   -3.0608382582e-15    1.3355270123e-15   -9.3224446175e-17   -5.1819849410e-15
  118   -3.1554620028e-15    9.0032148403e-16    2.0729945538e-16   -5.4921345249e-15
  119   -3.8528208401e-15    2.4144640280e-15    1.8041124150e-16   -6.5138866523e-15
  120   -2.4982186458e-15    6.5083978788e-16   -2.8436590105e-17   -4.3257904854e-15
  121   -2.2620794127e-15    1.0941768325e-15   -2.2291196666e-16   -3.7886360715e-15
  122   -4.7739590059e-15    3.2196467714e-15    1.0269562978e-15   -8.4376949872e-15
  123    1.5543122345e-15    3.3306690739e-16    2.7755575616e-17    1.1102230246e-15
  124    5.2735593670e-15    2.2204460493e-16    1.8318679906e-15    1.4432899320e-14
  125    6.5008762262e-15   -4.1356891869e-16    4.8718624621e-16    1.2102515171e-14
  126    3.6411845761e-15   -3.4694469520e-17   -3.9898639947e-17    6.9041994344e-15
  127    6.9302202865e-15    1.5612511284e-16    1.2975731600e-15    1.2847362063e-14
  128    1.0026701691e-15   -5.7237201090e-15    6.1132739496e-15   -2.5413698923e-15
  129    3.9165719279e-15    2.5500435097e-16    5.8633653488e-16    7.2303274479e-15
  130    7.3135941747e-15   -2.7755575616e-16    2.2716203918e-15    1.3426759704e-14
  131    9.4108748572e-16   -1.9012569297e-15    9.7925140219e-16   -3.1051550220e-16
  132    1.6544925152e-15   -1.7759231585e-15    1.6091728644e-15    6.2796989830e-16
  133    4.7175804929e-15   -2.1770779624e-16    1.1666015376e-15    8.4619811158e-15
  134    6.5225602697e-16   -1.6132928327e-15    3.8025138593e-15   -2.3592239273e-15
  135    3.5613872962e-15   -6.7133798520e-16    1.3079815009e-15    5.9188765000e-15
  136    3.3848791825e-16   -1.9376861227e-15    3.9280644709e-16   -1.5403260265e-15
  137    3.6242710222e-15    1.1440501324e-14    5.5649929109e-15    1.7156415177e-14
  138    6.3317406873e-17   -1.9290125053e-15    2.0296264669e-16   -2.1371793224e-15
  139    6.3575446990e-15   -5.2648857496e-16    3.5084782302e-15    1.1805226935e-14
  140    3.0539806795e-15    1.5959455979e-16    3.6602665343e-16    5.8217319854e-15
  141    4.4964032497e-15   -2.5257573810e-15    5.0515147620e-15    6.8833827527e-15
  142    2.5326962749e-15   -1.2420620088e-15    6.0541849312e-16    3.4798552928e-15
  143    3.7955749654e-15    1.1154271951e-15    3.3792413312e-15    1.0082212842e-14
  144    3.0253577421e-15   -1.6514567491e-15    2.3314683517e-15    2.3314683517e-15
  145    3.1051550220e-15    1.0928757899e-16   -1.4398204851e-16    5.9778570982e-15
  146    0.0000000000e+00   -2.2204460493e-16   -2.9143354396e-16   -2.4424906542e-15
  147    2.4980018054e-15   -2.1510571102e-15   -1.9064611001e-15    3.8025138593e-15
  148    6.3837823916e-16    2.7755575616e-16    0.0000000000e+00    3.7747582837e-15
  149   -7.0343036951e-16    1.0393162025e-15   -2.9212743335e-15   -9.5409791179e-16
  150   -2.7265787284e-15    8.7129197086e-16    1.2939952929e-16   -4.5908914691e-15
  151   -1.9984014443e-15    6.7307270868e-16   -1.7021974108e-16   -3.4208746946e-15
  152   -5.5511151231e-15    1.1657341759e-15    5.2735593670e-15   -6.4392935428e-15
  153   -1.4502288259e-15    1.4432899320e-15   -3.0947466811e-15   -2.6506574713e-15
  154   -1.1707215058e-15    1.0058956706e-15   -6.2796989830e-16   -1.8461794593e-15
  155   -4.4755865680e-15    3.1832175784e-15    2.3314683517e-15   -4.8433479449e-15
  156   -1.5006103456e-15    5.2278873505e-16   -2.6627666543e-16   -2.6657143290e-15
  157   -2.9126007162e-15    5.8460181140e-16    2.6367796835e-16   -5.0168202925e-15
  158   -6.1201044232e-15    3.1918911958e-16    3.9690473130e-15   -1.4932499681e-14
  159    5.7245874707e-17    1.5248219354e-15    2.8275992658e-16    1.3739009930e-15
  160   -1.6306400674e-16    3.5700609136e-15    5.8624979871e-15    2.2377932840e-16
  161    4.1633363423e-16   -2.7755575616e-16   -2.3661628212e-15    6.3837823916e-16
  162   -2.9906632726e-15    1.8665624602e-15    1.8075818620e-15   -4.6004866583e-15
  163   -1.9984014443e-15    3.5527136788e-15    4.7739590059e-15    4.4408920985e-16
  164    2.1389140459e-15    6.9883335230e-15    2.0209528495e-15    9.5062846484e-15
  165    6.5225602697e-16    5.1486592767e-15    6.2450045135e-16    5.4956039719e-15
  166    1.2490009027e-15   -7.7715611724e-16   -1.3287981826e-15    1.6653345369e-15
  167   -1.4814538485e-15    1.3266297783e-15   -1.4224732503e-15   -2.4910629115e-15
  168   -3.7470027081e-16   -1.4745149546e-17   -1.1865508576e-15    7.0776717820e-16
  169    3.6255720648e-16    2.1579960041e-15    1.3010426070e-17    2.7478019859e-15
  170    6.5225602697e-15   -3.6359804056e-15   -1.2490009027e-16    1.0741407763e-14
  171    1.5537701334e-15   -1.1111988066e-15   -3.0515412246e-15    2.5970978840e-15
  172    2.7183116869e-15    2.0469737017e-16   -1.7347234760e-17    5.0237591864e-15
  173    1.5380492019e-15    1.4952503211e-16   -2.4958334011e-16    3.0223219760e-15
  174   -1.4166998737e-15    2.0165482782e-15    7.4741509639e-16   -1.0327974370e-15
  175   -7.8062556419e-17   -1.6609977282e-15    3.6949610038e-16   -2.1475876633e-15
  176    1.4302795059e-15   -1.4823212102e-15    8.9771939882e-16    1.1657341759e-15
  177   -1.9226157125e-15    1.0303308770e-15    2.1662359406e-16   -2.7000970904e-15
  178   -6.0750016129e-15    9.5756735874e-16    3.9898639947e-16   -1.1088352458e-14
  179   -1.2906342661e-15    1.5820678101e-15    1.3548190347e-15   -1.3253287356e-15
  180   -1.6375789613e-15    1.2958384366e-15    3.5214886562e-16   -2.0018708913e-15
  181   -2.0296264669e-15    4.5276282723e-16    1.6913553891e-16   -3.4520997172e-15
  182   -2.2985357107e-15    9.1181402706e-16   -7.6634120057e-16   -4.1668599994e-15
  183   -5.4600421406e-16    8.2274681859e-16   -1.5230872119e-15   -7.7108458507e-16
  184   -1.5064989187e-15    3.6860163359e-16   -5.9847959921e-17   -2.6214924329e-15
  185   -5.6339481691e-15    3.0190693695e-15   -1.6566609196e-16   -9.6476646116e-15
  186   -6.3995033231e-16    9.9573127521e-16   -1.0453199721e-15   -7.4061850402e-16
  187   -1.5093178443e-15    3.9673667997e-16   -1.1129335301e-16   -2.6359123217e-15
  188    1.7243151351e-15   -9.4542429441e-16   -1.3340023530e-15    2.9420910153e-15
  189    5.4184087772e-15   -2.3648617786e-15   -2.0285422647e-16    9.0591596724e-15
  190    3.5199707732e-15    2.0664893408e-16    1.9710795496e-16    6.6149342948e-15
  191    5.0752757303e-15   -1.6905422374e-16    5.4000552673e-16    9.0368860940e-15
  192    1.4145924558e-15   -1.6821938807e-15    4.1770921574e-16    9.6813832992e-16
  193    1.0299920639e-15   -1.1123914290e-15    2.0166160408e-16    7.7108458507e-16
  194    9.9920072216e-16   -4.3298697960e-15    2.4494295481e-15   -8.3266726847e-16
  195   -1.4311468677e-16   -1.6080886622e-15    1.1492543028e-16   -2.3002433291e-15
  196    9.0205620751e-17    5.1555981706e-15    2.7113727930e-15    3.7643499429e-15
  197    1.3704315460e-16   -1.6757428778e-15    3.4911309954e-16   -1.7000290065e-15
  198    7.9797279895e-15   -2.2759572005e-15    3.8302694350e-15    1.4488410471e-14
  199    1.2615776479e-15   -6.8304736867e-18   -4.0419056990e-16    2.4927976350e-15
  200    8.7256590842e-16   -9.4715901788e-16   -1.8947517166e-15    1.1032841307e-15
  201   -9.0205620751e-16    8.3093254499e-16   -5.6530301273e-16   -1.4155343564e-15
  202   -2.4251434194e-15    2.2772582431e-15   -2.6281060661e-15   -3.6776137691e-15
  203   -3.2560759644e-15    1.3242987436e-15   -7.8626341549e-16   -5.6976992568e-15
  204   -4.4964032497e-15    1.9984014443e-15    2.2204460493e-16   -1.1102230246e-14
  205   -2.7200464103e-15    2.4424906542e-15   -4.7184478547e-16   -4.8849813084e-15
  206   -9.5409791179e-16    2.6020852140e-16   -1.0538445117e-16   -1.8179902028e-15
  207    8.0491169285e-16    4.7323256425e-15    2.3592239273e-16    5.2458037914e-15
  208    2.1074721829e-15   -1.4506625068e-15   -2.7497535499e-15    3.3003114130e-15
  209    3.0531133177e-16   -2.4980018054e-16   -1.9871257417e-15    4.3715031595e-16
  210    6.0802057833e-16    3.0049747413e-15    7.7238562768e-16    3.4000580129e-15
  211    2.0816681712e-16    2.4980018054e-16   -1.7069679004e-15    6.1062266354e-16
  212   -3.5887091909e-17    1.6942285248e-15    2.1971357025e-16    1.4916453489e-15
  213    9.9746599869e-18    6.8955258170e-17   -1.7976072020e-15    3.0357660830e-16
  214    2.3887946946e-15    1.4414827872e-16    2.2154390257e-16    4.4196305127e-15
  215    1.5161483180e-15   -3.5041414215e-16   -3.6429192996e-16    2.7963742433e-15
  216   -7.3725747729e-16    1.8735013541e-15    4.6533957243e-16    1.7780915629e-16
  217   -1.6306400674e-16   -1.6643587550e-15    5.9327542878e-16   -2.5994831288e-15
  218    3.6372814483e-15   -4.0549161251e-16    1.7676832220e-15    6.5277644401e-15
  219   -3.5298912231e-16    2.2719998626e-15    4.0747112851e-16    1.6340824093e-15
  220   -1.4016565686e-15    1.3947176747e-15    2.1944251971e-16   -1.4016565686e-15
  221   -2.8310687128e-15    5.4643789493e-16    4.3715031595e-16   -4.9127368840e-15
  222    5.4101688407e-16   -3.7361606864e-16   -2.3224423686e-15    7.9884016069e-16
  223   -8.9685203708e-16    1.1067535777e-15   -1.1397133237e-15   -1.3010426070e-15
  224   -5.6591016595e-15    1.6257069475e-15    7.1606132482e-16   -9.9826559779e-15
  225   -2.8362728832e-16    9.0444145229e-16   -1.8486731243e-15   -1.5525775110e-16
  226   -1.2849964148e-15    1.7390602847e-16   -4.4235448637e-17   -2.4025920142e-15
  227    4.3715031595e-16   -7.0082828429e-16   -1.1069704181e-15    4.8919202023e-16
  228    3.0808688933e-15   -1.8873791419e-15   -2.0799334477e-15    4.7739590059e-15
  229    4.1184503724e-15    1.0633312807e-16    1.8127860324e-16    7.7216878724e-15
  230    7.0679139624e-15    1.4348738126e-16    1.4615045285e-15    1.3025604900e-14
  231   -7.6501305291e-16   -4.2309905579e-15    4.0488445929e-15   -5.8304056028e-15
  232    5.6551985317e-16   -1.1830814106e-15    7.2337968948e-16   -3.2612801348e-16
  233   -4.0419056990e-16   -2.0018708913e-15    6.0715321659e-17   -3.1155633629e-15
  234   -2.2724877535e-16   -2.3227947343e-15    2.6714741530e-16   -3.2508717940e-15
  235    2.9351521214e-15   -2.2551405188e-16   -7.3552275381e-16    5.5649929109e-15
  236    2.7755575616e-17    4.2500725161e-16   -1.3140530331e-15    2.6367796835e-16
  237   -4.5709963592e-16    8.3201674717e-16   -5.7939764098e-16   -5.7202506620e-16
  238   -5.8460181140e-15    1.3808398869e-15    1.3981871216e-15   -1.0963452368e-14
  239   -5.0254939099e-15    1.6501557065e-15   -2.6671373443e-16   -8.9169123474e-15
  240   -5.8841820305e-15    2.9680305522e-15    1.3877787808e-15   -1.0005885009e-14
  241    1.0234868508e-15   -7.0950190167e-16   -2.1510571102e-15    1.7832957333e-15
  242    1.5265566589e-16   -9.9920072216e-16    4.7878367937e-16   -1.2212453271e-15
  243    2.2551405188e-16   -8.5651971626e-17   -7.4246164772e-16    8.5348395018e-16
  244   -2.3982552055e-16    4.8875833936e-16   -2.4006946604e-15   -2.2009304101e-16
  245   -3.4000580129e-16    2.3869795029e-15    6.8261368780e-16    1.6098233857e-15
  246    6.9666494795e-15   -5.5511151231e-17    3.4781205693e-15    1.2975731600e-14
  247    9.4108748572e-15   -7.0913598344e-17    2.2894013074e-15    1.7391036528e-14
  248   -8.4134088585e-17    1.4970663598e-15    2.5717275531e-16    1.4779844015e-15
  249    5.6074936361e-16   -4.9916668021e-16   -3.2022995367e-15    4.7531423242e-16
  250   -9.0292356925e-16    1.2120296086e-15   -1.8067145002e-15   -1.1674688993e-15
  251    0.0000000000e+00    3.8163916471e-16   -1.9266814706e-15    2.1510571102e-16
  252    7.1882604036e-16   -2.5410988418e-16   -4.7715737611e-16    1.4116312286e-15
  253    3.2612801348e-15   -9.2981178312e-16   -1.3235940122e-15    5.8841820305e-15
  254    7.3552275381e-16   -1.1934897515e-15    1.3045120539e-15   -2.7755575616e-16
  255   -3.4694469520e-17   -2.1926904736e-15    4.7184478547e-16   -2.5565487227e-15
  256    4.6213033400e-15   -9.7664931697e-16    1.7694179455e-16    8.4168783054e-15
  257    1.7832957333e-15   -6.4184768611e-16   -1.8179902028e-15    3.3896496721e-15
  258    1.7260498586e-16    1.4658413372e-16   -1.1943571132e-15    3.9378222905e-16
  259   -3.0747973612e-16    5.6421881056e-16   -8.0924850154e-16   -4.6273748722e-16
  260   -6.9944050551e-15    2.2204460493e-15    4.7184478547e-15   -1.4210854715e-14
  261   -5.3290705182e-15    1.6653345369e-15    2.2482016249e-15   -9.2148511044e-15
  262    1.0685896612e-15   -7.3552275381e-16   -2.9420910153e-15    1.3739009930e-15
  263    2.2898349883e-16   -4.4339532046e-15    1.4710455076e-15   -4.0106806765e-15
  264   -2.2759572005e-15    1.9235914944e-15   -2.3800406090e-15   -3.6880221099e-15
  265   -4.0679265512e-16    7.3985956250e-16   -2.0998827677e-15   -5.6898930012e-16
  266   -5.7668713555e-16    1.2555603258e-15    5.5812017334e-16    1.3552527156e-16
  267    1.3140530331e-16    1.9545996766e-15    1.5785983631e-16    2.4208066107e-15
  268   -6.2927094091e-16    6.1821207875e-16   -2.0053403382e-15   -1.0312931065e-15
  269   -1.6328084718e-16    2.2746561579e-16   -1.7679000625e-15   -4.6360484895e-16
  270   -6.2623517483e-16    6.5225602697e-16   -1.8630930132e-15   -1.1865508576e-15
  271    1.0586150012e-15   -8.3375147064e-17   -4.5428071027e-16    2.1057374594e-15
  272    3.5041414215e-15    2.0816681712e-17    2.6749436000e-15    6.2935767708e-15
  273   -3.4694469520e-17   -1.7624790516e-15    4.7011006199e-16   -2.5812685323e-15
  274    9.7144514655e-17   -1.7139067943e-15    2.5673907444e-16   -1.9151347175e-15
  275    3.7938402420e-15   -3.4694469520e-16    1.2143064332e-16    6.9874661612e-15
  276    1.7642137751e-15   -1.4682265820e-15   -2.2429974544e-15    2.5934115966e-15
  277    2.8753041614e-16   -1.7564075194e-16   -8.5218290757e-16    5.0306980803e-16
  278   -1.2186432419e-16    3.9031278209e-16   -7.2337968948e-16   -1.4224732503e-16
  279   -6.2103100440e-15    1.2091022628e-15    5.7592819402e-15   -1.1254885912e-14
  280    7.1644079558e-16   -3.2395960914e-16   -9.8011876393e-16    1.3296655443e-15
  281   -3.5388358910e-16   -3.0669911055e-15    1.6861512186e-15   -4.2882364326e-15
  282   -3.2612801348e-15    2.0281085839e-15   -1.6749839363e-15   -5.5183722175e-15
  283   -1.0824674490e-15    7.8756445809e-16    8.8384161101e-16   -1.3392065235e-15
  284   -2.9143354396e-16    1.1102230246e-16   -1.9567680809e-15   -1.1102230246e-16
  285    1.2127885501e-15   -4.9076411338e-16   -4.8637309458e-16    2.0296264669e-15
  286    6.4531713306e-16    2.2620794127e-15    7.4940054162e-16    2.6645352591e-15
  287    9.5756735874e-16   -7.7021722333e-16    9.4368957093e-16    5.2735593670e-16
  288    1.3964523982e-15   -8.2009052327e-16   -2.8839777788e-15    2.0851376181e-15
  289    1.2555061157e-16   -1.2034644115e-16   -8.2955018722e-16    1.3183898417e-16
  290   -4.2188474936e-15   -2.7755575616e-15    3.2751579226e-15   -1.2878587086e-14
  291    9.9920072216e-16   -4.8572257327e-16   -8.0491169285e-16    1.4710455076e-15
  292   -3.4260788651e-15    2.1857515797e-15   -2.0816681712e-16   -5.6100957213e-15
  293    7.3205330686e-16   -2.5673907444e-16   -3.8510861167e-16    1.4294121442e-15
  294    1.0824674490e-15    4.6837533851e-15    4.0592529338e-16    5.9119376061e-15
  295    1.7624790516e-15   -1.6792123247e-15    2.1579960041e-15    1.1379786002e-15
  296    4.8572257327e-17    1.6132928327e-16   -1.5022705302e-15    6.9388939039e-17
  297    2.1163626407e-16    3.7079714299e-17   -1.6913553891e-15    3.8857805862e-16
  298    2.1649348980e-15   -3.0322966360e-15   -8.0491169285e-16    2.7200464103e-15
  299   -2.9212743335e-15    1.8700319071e-15   -8.1878948066e-16   -4.6906922790e-15
  300    5.9258153939e-15   -2.9698465909e-15    3.4139358007e-15    1.0352829705e-14
  301    1.0061396161e-16   -3.7470027081e-16   -2.5188184871e-15   -2.6367796835e-16
  302    3.1433189385e-15   -2.2213134110e-15    1.8041124150e-16    6.5225602697e-15
  303   -3.2421981766e-15    2.3037127761e-15   -1.4483551890e-15   -6.5255960358e-15
  304   -4.4131365229e-15    1.9428902931e-15    4.8572257327e-16   -8.1046280798e-15
  305    5.5788706987e-15   -3.7192471325e-15    3.7018998977e-15    9.3258734069e-15
  306   -1.2143064332e-15    8.9771939882e-16   -1.3327013104e-15   -2.0504431486e-15
  307   -7.0776717820e-16    6.3837823916e-16   -1.6514567491e-15   -1.4432899320e-15
  308    8.7152507433e-15   -1.0881053003e-15    2.7512714329e-15    1.6112111645e-14
  309   -9.5881419124e-16    1.5349321206e-15    2.6736425573e-16   -4.4387236942e-16
  310   -1.8657222035e-15    1.0488571817e-15    1.4491988339e-15   -2.7817375139e-15
  311    7.0776717820e-16    3.9256792261e-15    2.7408630920e-16    4.5449755071e-15
  312    3.1953606427e-15   -7.9797279895e-17    2.0079424234e-16    5.6447901908e-15
  313    3.1086244690e-15    6.6613381478e-16    3.0253577421e-15    6.7723604502e-15
  314    2.0448052973e-15   -9.5621210602e-16    1.2680828609e-15    2.6740762382e-15
  315    1.2195106036e-15   -1.1796119637e-15    3.0444397003e-16    1.0286910213e-15
  316   -2.1649348980e-15    6.1409211050e-16    4.0852737859e-16   -3.5041414215e-15
  317   -2.0461554678e-15    8.6987911991e-16    2.9248222369e-16   -3.1305439876e-15
  318   -1.9099305471e-15    1.1206313655e-15    4.7704895589e-16   -2.7339241981e-15
  319    6.7640663036e-16   -1.7660569188e-15    4.8767413718e-16   -6.4756685257e-16
  320   -4.1980308119e-15    2.4667767828e-15    2.0747292773e-15   -7.2025718723e-15
  321   -1.9741153157e-15    3.4694469520e-16    2.1922567928e-16   -3.4243441416e-15
  322   -2.2382676225e-15    4.3900023590e-16    2.9648270736e-17   -4.1076456201e-15
  323    2.8156730419e-15    1.6009600329e-16    3.2992272109e-16    5.2880876761e-15
  324    3.1825602809e-15    2.9968872707e-17    3.2172090106e-16    5.6996542089e-15
  325    4.5059442288e-15    1.7347234760e-18    8.6042284408e-16    8.0786072276e-15
  326    2.7720008702e-15   -7.1208111700e-16    6.2577502418e-16    4.2937548523e-15
  327    1.9611048896e-15   -9.7838404045e-16    5.1174342541e-16    2.5292268280e-15
  328    4.9873299934e-15   -1.9385534844e-15    4.2327252814e-15    9.0205620751e-15
  329    4.0453751460e-15    1.0408340856e-16    3.0843383403e-15    7.8548278992e-15
  330    1.8283985437e-15    3.8163916471e-17    1.4289784633e-16    3.3063829452e-15
  331    1.4771170398e-15    7.8062556419e-17    6.7871055998e-17    2.7929047963e-15
  332   -1.4519635494e-15    9.6450625264e-16    3.8294020732e-16   -1.8318679906e-15
  333    3.8857805862e-16    2.8206603719e-15    8.3266726847e-17    3.3549552025e-15
  334    2.9698465909e-15   -2.3037127761e-15   -1.7347234760e-15    4.8572257327e-15
  335   -2.3522850334e-15    1.3261960974e-15   -9.2287288922e-16   -3.9968028887e-15
  336    3.4520997172e-16    1.6653345369e-15    2.2377932840e-16    2.6367796835e-15
  337   -5.6092554646e-16    1.7766278899e-15    4.6860729366e-16    7.0241392997e-16
  338   -9.3089598530e-16    1.1763593571e-15    2.0079424234e-16   -6.8781785822e-16
  339    7.5269651623e-15   -1.4042586538e-15    3.0080105073e-15    1.4144935223e-14
  340   -2.9524993561e-15    3.6082248300e-16    5.7506083229e-16   -5.3047843895e-15
  341   -8.7083118494e-16    4.4582393333e-16   -6.2450045135e-16   -1.6375789613e-15
  342    5.7870375159e-15   -2.0122792321e-16    4.6282422339e-15    1.0921819005e-14
  343   -3.8055496254e-16   -1.9156768186e-15    1.8431436932e-16   -3.2656169435e-15
  344    3.6602665343e-16   -1.7381929229e-15    3.8836121818e-16   -1.2490009027e-15
  345   -3.7470027081e-16    8.3266726847e-17   -1.0581813203e-15   -8.3266726847e-16
  346   -2.6367796835e-16    6.9388939039e-16   -9.4368957093e-16   -2.7755575616e-16
  347   -8.2399365109e-16    8.3266726847e-16   -1.0386656812e-15   -1.2698175844e-15
  348   -1.6757428778e-15    2.3574892039e-15   -4.8572257327e-17   -1.1865508576e-15
  349   -5.0133508456e-15    7.7021722333e-16    1.6427831318e-15   -9.3952623459e-15
  350    2.3505503099e-16    3.3332711591e-15    8.8644369622e-16    3.2005648132e-15
  351    3.4555691641e-15   -1.4016565686e-15   -1.1657341759e-15    6.0576543781e-15
  352   -3.1745439610e-16    1.5716594692e-15    3.5518463171e-16    1.0443035325e-15
  353   -1.0408340856e-17    1.3877787808e-17    9.7491459350e-16   -4.6490589156e-16
  354    2.0677903834e-15    6.7463395981e-15    7.6674777638e-16    9.4854679666e-15
  355    2.8831104171e-15   -7.3552275381e-16    1.3478801408e-15    4.5241588253e-15
  356   -3.9022604592e-15    2.4545252983e-15    1.7081605228e-15   -6.1842891919e-15
  357   -4.5731647635e-16    3.0032400178e-16   -5.8525233271e-16   -9.0899510141e-16
  358    1.1587952820e-15   -5.8980598183e-17   -8.2399365109e-17    2.1892210267e-15
  359    3.9464959078e-16   -1.6046192153e-16   -2.6281060661e-16    8.3960616237e-16
  360    7.0846106759e-15   -6.5225602697e-16    1.6098233857e-15    1.2947976025e-14
  361   -8.1878948066e-16   -4.7323256425e-15    1.4710455076e-15   -5.4400928207e-15
  362   -3.9031278209e-17    1.6740081543e-16   -6.2146468527e-16   -1.5612511284e-17
  363   -2.3687649064e-15    1.7117383899e-15   -2.1020511720e-15   -3.6437866613e-15
  364    8.8297424927e-16   -9.8705765783e-16   -1.9463597400e-15    1.2559397966e-15
  365   -1.4311468677e-16    2.0252896582e-16   -8.6389229104e-16   -3.0878077872e-16
  366    2.7972416050e-17    9.3241386834e-17   -1.2987657824e-15    9.4976110310e-17
  367    3.8163916471e-17   -2.2204460493e-15    8.3960616237e-16   -3.1641356202e-15
  368   -1.7494686255e-15    6.7133798520e-16    3.2835062794e-16   -2.6471880243e-15
  369    5.5684623579e-16   -4.2153780466e-16   -1.3114509478e-15    7.9103390505e-16
  370   -1.9888604652e-15    3.6689401517e-16    1.8388068845e-16   -3.6845526630e-15
  371    4.8572257327e-16   -6.3837823916e-16    9.1246454836e-16   -2.6367796835e-16
  372   -2.0643209364e-16   -1.2225463697e-15    7.7975820245e-16   -2.0070750617e-15
  373   -1.5612511284e-17    1.8648277367e-17   -4.5189546549e-16   -8.4134088585e-17
  374    1.0685896612e-15   -3.1918911958e-16    1.5092094241e-15    6.1062266354e-16
  375   -2.6020852140e-18    1.2993078835e-15    1.5439038936e-16    1.3600232052e-15
  376    1.1379786002e-15   -3.9551695252e-16    1.7832957333e-15    1.2767564783e-15
  377    3.8857805862e-15   -1.6653345369e-15   -4.0549161251e-16    6.3282712404e-15
  378   -1.8283985437e-15    7.9450335200e-16    1.8457457784e-15   -3.0600522116e-15
  379    1.5681900223e-15   -1.3981871216e-15    1.9567680809e-15    2.4563684420e-15
  380   -2.2369259223e-15    6.5919492087e-16    6.0888794007e-16   -3.6134290005e-15
  381   -2.9310321531e-15    8.9609987182e-16    8.3526935368e-16   -4.9691153969e-15
  382    6.5399075044e-16   -1.6479873022e-15    4.1850203858e-16   -5.7592819402e-16
  383   -1.3877787808e-15    2.1337098755e-16    1.0560129160e-16   -2.5882074262e-15
  384    2.2638141361e-15   -1.5612511284e-17    2.5457067010e-16    3.9447611844e-15
  385    2.8085173076e-15   -6.0021432269e-16    5.9004992732e-16    4.4755865680e-15
  386    3.4139358007e-15    3.0531133177e-16    2.9698465909e-15    6.9944050551e-15
  387    5.3533566469e-15   -2.6597647695e-15    2.7118064738e-15    8.1878948066e-15
  388    2.1510571102e-15   -2.0816681712e-17    2.6714741530e-15    3.3306690739e-15
  389    1.6566609196e-15    1.0061396161e-16    1.0191500421e-16    3.1086244690e-15
  390   -1.5439038936e-16    1.6462525787e-15    4.0419056990e-16    1.2542050731e-15
  391   -6.2016364266e-16    1.4849232954e-15    3.8120548385e-16    3.2612801348e-16
  392   -1.2251484549e-15    1.2264494975e-15    6.1756155745e-16   -1.1509890263e-15
  393    8.3769796655e-15   -3.4625080580e-15    8.4307560932e-16    1.5466794512e-14
  394   -1.2385925618e-15    5.7766291750e-16   -5.4817261841e-16   -2.3106516700e-15
  395   -2.5326962749e-16   -1.8110513089e-15    2.3939183968e-16   -2.7859659024e-15
  396    1.7347234760e-18    3.1398494915e-16   -1.3600232052e-15    1.0304257447e-15
  397   -5.4903998015e-16    2.6020852140e-17   -1.2980068409e-15   -1.4190038033e-15
  398   -8.2572837456e-16    8.2919782152e-16   -1.1310397063e-15   -1.2906342661e-15
  399   -1.9619722513e-15    8.2919782152e-16   -9.0899510141e-16   -3.5908775953e-15
  400    3.3017208759e-15   -1.6733576330e-15   -9.1508018610e-16    5.5953505718e-15
  401    3.8163916471e-17    1.4675760607e-15    8.8123952580e-16    1.4710455076e-15
  402   -7.7802347898e-16    4.0215226982e-15    2.3783058856e-15    1.8778381627e-15
  403   -8.3266726847e-17    3.5110803154e-15    2.4147350786e-15    2.3314683517e-15
  404    1.5196177650e-15   -1.1969591984e-15    7.3031858339e-16    1.5473733406e-15
  405   -5.3596450195e-15    2.4871597837e-15    2.9488130687e-15   -9.8389178749e-15
  406   -5.3256010712e-16    4.5102810375e-16   -7.3552275381e-16   -9.8532293435e-16
  407   -9.1593399532e-16   -5.0792703377e-15    2.7755575616e-15   -4.6074255522e-15
  408    1.2143064332e-17    2.0903417886e-16   -1.9515639105e-15   -8.8470897275e-17
  409   -1.7694179455e-16   -1.6514567491e-15    6.4358240959e-16   -2.4841240176e-15
  410    1.2490009027e-15   -8.3266726847e-17    2.1094237468e-15    1.8873791419e-15
  411    1.9775847626e-16   -6.7827687911e-16    1.7069679004e-15   -9.2113816574e-16
  412    7.5356387796e-15   -3.8788416923e-15    2.2343238371e-15    1.3627987627e-14
  413   -7.5980888248e-16    7.3899220077e-16    1.0200174039e-15   -7.0776717820e-16
  414   -4.1321113198e-15    5.6205040622e-16    1.3374718000e-15   -7.6119666126e-15
  415   -3.3397763721e-15    5.9913012052e-16    1.4667086989e-15   -5.9145396913e-15
  416    3.9968028887e-15   -1.3296655443e-15    3.7764930072e-15    7.6189055065e-15
  417   -4.8572257327e-16    3.1918911958e-15    1.2420620088e-15    1.0269562978e-15
  418    3.0986498090e-16    2.7224316551e-15    6.2336203907e-16    2.8906998323e-15
  419    3.4547018024e-15   -2.7673176251e-15   -1.6630035023e-15    5.6560658934e-15
  420   -2.4980018054e-16   -9.4368957093e-16   -1.1241008124e-15   -1.7763568394e-15
  421   -1.3201245652e-15   -3.7036346212e-16   -1.1692036228e-15   -4.1563974484e-15
  422   -1.5612511284e-15    1.0824674490e-15   -8.6736173799e-16   -2.6645352591e-15
  423   -2.9490299092e-15    1.2073675393e-15   -8.8123952580e-16   -5.3637649877e-15
  424    4.6382168939e-16    2.2870160626e-15    2.4221076533e-16    3.0388018490e-15
  425   -5.3290705182e-15    2.5535129566e-15    5.6968318951e-15   -9.7699626167e-15
  426   -3.4416913763e-15    1.6237011735e-15    3.4694469520e-15   -5.9119376061e-15
  427   -2.8102520311e-16    5.8633653488e-16   -2.2655488596e-15   -3.4694469520e-16
  428    8.6042284408e-16    1.7347234760e-16    2.1371793224e-15    9.4368957093e-16
  429    1.7208456882e-15   -8.3266726847e-17    2.5535129566e-15    2.7200464103e-15
  430   -3.5110803154e-15    4.9526355239e-16    1.2073675393e-15   -6.6058269965e-15
  431    1.4432899320e-15    2.7755575616e-17    1.8041124150e-15    2.3869795029e-15
  432   -8.7430063189e-16    1.3912482277e-15    1.4432899320e-15   -3.1225022568e-16
  433   -9.5756735874e-16    4.6230380635e-16   -4.7153985360e-16   -4.5536491244e-16
  434   -4.0210890173e-15    1.6583956430e-15   -1.0755285551e-15   -7.1123662515e-15
  435    2.2236986558e-16    1.9505881285e-15    1.0145963930e-15    2.3104348296e-15
  436   -1.0451708943e-16    2.0090266256e-16   -1.7745136957e-15   -2.9457773026e-16
  437    1.9984014443e-15    3.8267999880e-15    4.3715031595e-15    6.0368376964e-15
  438   -4.2328337016e-15    1.1098435539e-15    1.7626416819e-15   -7.6772355834e-15
  439    1.0547118734e-15   -9.4368957093e-16    2.6367796835e-15    1.6653345369e-15
  440    1.3669620991e-15   -1.0434361708e-15    2.9351521214e-15    1.1657341759e-15
  441   -3.3618940964e-15    1.8086660641e-15    3.1493904706e-15   -5.5927484865e-15
  442   -8.8123952580e-16    3.5908775953e-16   -4.5796699766e-16   -1.7486012638e-15
  443    4.1633363423e-17    4.8572257327e-16    1.6202317266e-15    1.5265566589e-16
  444    4.9005938196e-17    2.1900883884e-16   -1.4207385268e-15    5.0567189325e-16
  445   -3.5041414215e-16    3.6168984474e-16   -1.6896206656e-15   -2.7061686225e-16
  446   -2.8310687128e-15    5.4123372450e-16    2.4459601011e-15   -5.0792703377e-15
  447    1.6098233857e-15   -3.3306690739e-16    4.4964032497e-15    5.5511151231e-16
  448    3.3861802251e-15   -1.9984014443e-15    4.1078251911e-15    4.1078251911e-15
  449   -2.9976021665e-15    7.2164496601e-16    2.6367796835e-15   -5.7176485768e-15
  450    2.4286128664e-16   -3.6082248300e-16   -1.8075818620e-15    9.7144514655e-17
  451    1.8648277367e-16   -1.4528309111e-16   -1.7780915629e-15   -1.2316536679e-16
  452   -9.0552565446e-16    2.3071822230e-16   -1.5716594692e-15   -1.5543122345e-15
  453    4.2743586448e-15   -1.6653345369e-15    3.1918911958e-15    4.6629367034e-15
  454    1.7208456882e-15   -1.6653345369e-16    2.9976021665e-15    5.1070259133e-15
  455    1.0269562978e-15   -4.3021142204e-16   -2.0816681712e-15    2.1926904736e-15
  456    1.9255430583e-16   -1.3704315460e-16   -1.5213524884e-15    6.4705185654e-16
  457   -1.5057399771e-15    6.2796989830e-16   -2.0608514895e-15   -3.1225022568e-15
  458   -1.8388068845e-15    1.2177758801e-15   -1.2385925618e-15   -3.4642427815e-15
  459    2.0539125956e-15    3.8857805862e-16    2.4424906542e-15    3.7747582837e-15
  460    4.0245584643e-16   -4.5796699766e-16   -1.8179902028e-15    3.8857805862e-16
  461    1.2767564783e-15   -6.2623517483e-16   -2.2412627310e-15    2.1649348980e-15
  462    1.8735013541e-15   -2.9143354396e-16   -2.0677903834e-15    3.8025138593e-15
  463   -8.3266726847e-16    1.0824674490e-15    1.0338951917e-15   -7.2164496601e-16
  464   -1.3704315460e-16    1.4207385268e-15    1.0928757899e-15    1.1518563880e-15
  465   -8.3049886412e-17    6.0525586279e-17   -3.1398494915e-16   -2.0729945538e-16
  466    1.1796119637e-16   -7.7715611724e-16    1.6254358970e-15   -9.1593399532e-16
  467    1.6653345369e-16   -2.7755575616e-17    1.5647205753e-15   -3.4694469520e-16
  468    1.9949319974e-17    1.4120649094e-15    2.2377932840e-16    1.4328815912e-15
  469    1.5872719805e-16   -3.8380756906e-17   -1.8119186707e-15    3.9031278209e-16
  470   -7.0516509298e-16    5.0870765933e-16   -1.2342557532e-15   -1.2646134140e-15
  471   -2.5882074262e-15    1.3739009930e-15   -8.9511731360e-16   -4.5519144010e-15
  472    1.1102230246e-16    3.3306690739e-16    3.1641356202e-15   -2.4424906542e-15
  473    6.1322474876e-16    6.9822619908e-17   -1.3441938534e-15    1.6028844918e-15
  474   -1.5404344467e-15    6.8174632606e-16    1.8179902028e-15   -2.3453461395e-15
  475    7.9103390505e-16    1.5543122345e-15    2.0122792321e-15    8.0491169285e-16
  476   -5.5511151231e-16    1.1934897515e-15   -1.0547118734e-15   -4.9960036108e-16
  477   -5.7704492226e-15    2.0677903834e-15    1.0929164474e-15   -1.0221315981e-14
  478    1.4918621893e-15   -9.7925140219e-16   -1.3870198393e-15    2.1883536649e-15
  479   -1.0338951917e-15    1.5985476831e-15    3.2959746044e-15    3.8857805862e-16
  480   -1.0009354456e-15    8.6562701451e-16   -1.7017637299e-15   -1.2351231149e-15
  481    1.6132928327e-16    1.8342532354e-15    3.5822039779e-16    2.2169766023e-15
  482   -1.3010426070e-17   -5.3776427755e-17   -7.5330366944e-16   -1.6323747909e-15
  483   -2.9316826744e-16    1.8388068845e-16   -6.1235738702e-16    5.5511151231e-17
  484    6.5919492087e-17    1.4317973890e-15    3.0292608699e-16    1.3869114190e-15
  485   -4.9960036108e-15    2.7755575616e-16    3.7608804959e-15   -8.5487172896e-15
  486    2.6562953226e-15   -1.9801868478e-15    2.8709673527e-15    3.7530742403e-15
  487   -9.0205620751e-17   -4.1633363423e-17   -1.2975731600e-15    0.0000000000e+00
  488   -8.2399365109e-18    3.1172980863e-15    1.4155343564e-15    3.0054084221e-15
  489   -4.0245584643e-16    1.1102230246e-15    1.3149203948e-15    4.4408920985e-16
  490    3.5388358910e-16   -5.1347814889e-16    1.1622647289e-15   -1.9428902931e-16
  491   -2.0556473190e-16    1.8995222062e-16   -3.8510861167e-16   -4.6317116809e-16
  492   -3.3566899260e-16    3.0184188482e-16   -3.6515929169e-16   -6.1929628092e-16
  493    3.5041414215e-16   -4.8572257327e-17   -1.6132928327e-15    1.0269562978e-15
  494   -7.5113526510e-16    3.7101398342e-16   -1.4085954625e-15   -1.6740081543e-15
  495   -4.9439619065e-15    1.8492152254e-15   -1.6653345369e-16   -9.0066842873e-15
  496    6.6613381478e-16    4.4408920985e-16    2.3939183968e-15    1.7763568394e-15
  497    6.6613381478e-16   -9.9920072216e-16   -1.5959455979e-15    5.5511151231e-16
  498    7.8062556419e-18   -6.2450045135e-16   -1.2802259253e-15   -1.1882855810e-15
  499   -2.4702462298e-15    6.3837823916e-16    2.7963742433e-15   -4.1633363423e-15
  500    1.9428902931e-16    1.0547118734e-15    2.0261570199e-15    9.4368957093e-16
  501   -4.0184869321e-15    1.5439038936e-15    1.3886461425e-15   -6.9475675213e-15
  502    1.4467593790e-15   -6.8001160258e-16   -1.4849232954e-15    2.6229018957e-15
  503   -3.2196467714e-15   -1.1102230246e-16    4.3021142204e-15   -7.1054273576e-15
  504   -2.0816681712e-16    2.1510571102e-16   -4.4408920985e-16    2.7755575616e-16
  505    5.9952043330e-15   -2.4424906542e-15    4.0661918277e-15    1.1102230246e-14
  506   -1.0408340856e-16    4.1633363423e-17   -1.1934897515e-15   -4.9960036108e-16
  507   -8.7430063189e-16    8.6042284408e-16    1.3461454174e-15   -8.8817841970e-16
  508    7.8062556419e-17    1.2411946471e-15    1.4190038033e-15    9.9920072216e-16
  509    4.2327252814e-16   -6.1062266354e-16    1.0963452368e-15   -5.5511151231e-16
  510   -3.8597597340e-16    3.0531133177e-16   -2.0903417886e-16   -7.4593109467e-16
  511    4.7531423242e-16   -3.1225022568e-16   -1.2836953722e-15    8.4654505628e-16
  512   -9.5800103961e-16    1.1750583145e-15   -1.4658413372e-15   -1.5386997232e-15
  513   -1.1102230246e-16    6.6613381478e-16    1.2698175844e-15    2.2204460493e-15
  514    1.5820678101e-15   -9.4368957093e-16   -1.6653345369e-15    3.2196467714e-15
  515   -3.2439329001e-15    1.4849232954e-15    4.4061976290e-16   -5.6742804899e-15
  516   -3.1780134080e-15    8.3266726847e-16    2.1684043450e-15   -5.6343818500e-15
  517   -2.3314683517e-15   -1.4432899320e-15    4.5796699766e-15   -4.8849813084e-15
  518   -5.8286708793e-16    4.4408920985e-16    2.2204460493e-16    7.7715611724e-16
  519   -5.8113236445e-16    1.0538445117e-15    1.0321604682e-15   -2.3418766926e-16
  520   -1.0408340856e-16    9.2287288922e-16    8.4654505628e-16    5.6898930012e-16
  521    2.3592239273e-16    8.3266726847e-17    1.3877787808e-15    5.5511151231e-17
  522   -4.7097742373e-16    2.7668839442e-16   -1.8561541193e-16   -9.0899510141e-16
  523   -6.1756155745e-16    7.2511441296e-16   -1.4085954625e-15   -4.8572257327e-16
  524   -4.0525308803e-15    2.2382269649e-15   -3.0390186895e-16   -7.3886209651e-15
  525   -4.1217029789e-15    1.6098233857e-15    1.2698175844e-15   -7.9380946261e-15
  526   -4.7184478547e-16    1.0547118734e-15   -3.0531133177e-16   -2.2204460493e-16
  527   -1.1934897515e-15    3.3306690739e-16    1.5334955528e-15   -2.3869795029e-15
  528    6.3707719655e-16    1.9730311135e-15    1.0785372161e-15    3.0231893378e-15
  529    5.5511151231e-17    1.6653345369e-16    9.9746599869e-16   -3.3306690739e-16
  530   -6.0628585485e-16    2.4459601011e-16   -1.2316536679e-16   -1.1726730698e-15
  531   -8.3266726847e-16    0.0000000000e+00    2.7755575616e-16   -2.3314683517e-15
  532   -1.0269562978e-15    3.8857805862e-16    1.9290125053e-15   -1.2767564783e-15
  533    1.1102230246e-16    4.4408920985e-16    1.1657341759e-15    1.6653345369e-16
  534    2.0816681712e-16   -8.3266726847e-17    1.4155343564e-15   -3.3306690739e-16
  535   -1.2767564783e-15   -6.6613381478e-16   -1.1102230246e-16   -1.6653345369e-15
  536    2.9143354396e-16    5.8286708793e-16    1.4571677198e-15    8.8817841970e-16
  537   -3.7643499429e-16   -2.7235158573e-16   -4.6056908287e-16   -1.9359513992e-15
  538   -1.0408340856e-15    1.9602375279e-16   -1.0477729795e-15   -2.6784130469e-15
  539   -1.0630602301e-16    1.1462185368e-15    4.8371679925e-16    8.3803406922e-16
  540   -5.5511151231e-16    5.8980598183e-16    9.6949358264e-16   -4.7184478547e-16
  541   -3.1398494915e-16    7.2164496601e-16    6.7849371954e-16    2.3592239273e-16
  542    1.0408340856e-17    1.4918621893e-16   -1.0096090630e-15    1.0408340856e-16
  543    1.8682971836e-15   -7.8756445809e-16   -1.4111975477e-15    3.3618940964e-15
  544   -2.3869795029e-15    1.2628786905e-15   -5.7245874707e-16   -4.5241588253e-15
  545   -5.1347814889e-16    1.3877787808e-16   -1.1796119637e-15   -1.2767564783e-15
  546    1.6653345369e-16   -1.1102230246e-16    3.7470027081e-16    1.1102230246e-15
  547   -3.1225022568e-16    5.7245874707e-16    4.9960036108e-16   -1.0408340856e-16
  548    9.2200552748e-16   -7.5373735031e-16   -1.2264494975e-15    4.5883435940e-16
  549    5.9674487574e-16    2.2204460493e-16   -8.0491169285e-16    2.3037127761e-15
  550    2.3852447795e-17   -1.2251484549e-16   -1.2845627340e-15   -1.9992688061e-16
  551    4.7531423242e-16   -2.2204460493e-16    1.4016565686e-15   -3.1918911958e-16
  552   -1.2628786905e-15    1.1102230246e-15   -9.9920072216e-16   -1.8318679906e-15
  553    1.7486012638e-15   -5.8980598183e-16   -1.6375789613e-15    3.6221026178e-15
  554   -3.8857805862e-16    5.4123372450e-16    7.0429773125e-16   -2.2204460493e-16
  555    3.5388358910e-16    9.0205620751e-17   -4.7184478547e-16    1.7624790516e-15
  556    4.6490589156e-16    3.2959746044e-17   -7.5633943553e-16    1.2524703497e-15
  557   -6.7654215563e-17    4.9222778631e-17   -9.5453159266e-16   -3.7773603689e-16
  558    1.4571677198e-16   -9.7144514655e-17   -8.7083118494e-16    2.2204460493e-16
  559    1.7937040742e-15   -7.1123662515e-16   -1.2576745201e-15    3.2144426010e-15
  560   -3.8163916471e-16    6.5225602697e-16    7.5286998857e-16   -2.7755575616e-17
  561    3.8163916471e-17   -1.2802259253e-15   -1.2802259253e-15   -1.7659484985e-15
  562   -4.8572257327e-17    6.2450045135e-17   -8.3266726847e-16   -2.7755575616e-17
  563   -1.9428902931e-16   -1.3045120539e-15   -4.9960036108e-16   -1.9984014443e-15
  564    1.1934897515e-15   -1.6653345369e-16   -4.7184478547e-16    4.2188474936e-15
  565    1.2490009027e-15   -4.9960036108e-16   -9.4368957093e-16    2.0539125956e-15
  566    1.1657341759e-15   -4.5796699766e-16   -5.5511151231e-16    2.8588242884e-15
  567    1.6514567491e-15   -7.3552275381e-16   -1.2351231149e-15    2.6367796835e-15
  568    1.2906342661e-15   -1.1934897515e-15   -8.6042284408e-16    2.3314683517e-15
  569    1.5265566589e-15   -2.6714741530e-16   -1.6653345369e-16    2.2204460493e-15
  570    2.4702462298e-15   -1.6653345369e-15   -9.2981178312e-16    5.1625370645e-15
  571    1.5543122345e-15   -3.3306690739e-16    3.8857805862e-16    2.1094237468e-15
  572    1.6653345369e-15   -7.2164496601e-16    6.1062266354e-16    3.5527136788e-15
  573    3.8580250106e-15   -1.4432899320e-15    4.1633363423e-17    8.1601392310e-15
  574    2.2204460493e-16   -3.3306690739e-16    4.4408920985e-16    1.5543122345e-15


----- Finite Difference of residual -----
Node #      dR/dB               dR/dB                  dR/dB               dR/dB
    0   -1.1535911115e-09   -6.1235738702e-09    9.0795426733e-08   -2.7755575616e-08
    1    2.7651492207e-08    2.3962819576e-07    1.8405416080e-08    3.6252251201e-07
    2   -1.0078743395e-08    2.4942287818e-07    3.6377151291e-08    2.7821495108e-07
    3   -2.6359123217e-08    2.4183563138e-07    4.0158848469e-08    2.2173235470e-07
    4   -3.1641356202e-08    2.3226212620e-07    4.0644571042e-08    1.9378595950e-07
    5   -4.3290024343e-08    2.2386606457e-07    3.9673125896e-08    1.5770371120e-07
    6   -5.4102772609e-08    2.0761170560e-07    3.8007791359e-08    1.1513793391e-07
    7   -6.3829150299e-08    1.9334143661e-07    3.5926123187e-08    7.7819695132e-08
    8   -7.6803797697e-08    1.7545426917e-07    3.4555691641e-08    3.1858196636e-08
    9   -8.9393553324e-08    1.5347749113e-07    3.2283203888e-08   -1.6889701443e-08
   10   -9.0786753115e-08    1.3233880138e-07    2.9091312692e-08   -4.1477238311e-08
   11   -1.0226194891e-07    1.1799046983e-07    2.7200464103e-08   -7.6258444004e-08
   12   -1.1237538677e-07    1.0323881507e-07    2.4650420594e-08   -1.1005085732e-07
   13   -1.1255753274e-07    8.8155394443e-08    2.1527918337e-08   -1.2592357712e-07
   14   -1.1484736773e-07    7.6680198649e-08    1.9116652705e-08   -1.4113710201e-07
   15   -1.1457848559e-07    6.3773855988e-08    1.6670692604e-08   -1.5395670849e-07
   16   -1.1426840377e-07    4.9142547670e-08    1.4606371668e-08   -1.6716229095e-07
   17   -1.1065801053e-07    3.4412576955e-08    1.2524703497e-08   -1.7368051441e-07
   18   -9.8154991079e-08    2.4627652348e-08    8.6562701451e-09   -1.5973333767e-07
   19   -8.2772872757e-08    1.8622934141e-08    4.9439619065e-09   -1.3784654841e-07
   20   -6.8193064043e-08    1.5740447140e-08    2.7061686225e-09   -1.1499698763e-07
   21   -5.8214067247e-08    1.3619205590e-08    1.4918621893e-09   -9.9802978382e-08
   22   -5.0917386626e-08    1.0807327255e-08    5.3776427755e-10   -8.9836992012e-08
   23   -4.5189546549e-08    7.7227720746e-09   -2.2551405188e-10   -8.1983031475e-08
   24   -3.7002193844e-08    6.1777839788e-09   -2.0296264669e-09   -6.7931771319e-08
   25   -2.7694860294e-08    5.2085072366e-09   -3.0184188482e-09   -5.1833537462e-08
   26   -1.9692364059e-08    6.5876124000e-09   -5.2215176627e-09   -3.7372448886e-08
   27   -1.2182095610e-08    4.7878367937e-09   -3.8684333514e-09   -2.4034593760e-08
   28   -8.0577905459e-09    4.7011006199e-09   -5.6378512969e-09   -1.6410484083e-08
   29   -3.7079714299e-09    3.0444397003e-09   -4.9439619065e-09   -7.7802347898e-09
   30   -8.0664641633e-10    1.5439038936e-09   -3.9573379296e-09   -1.4137996329e-09
   31    6.3751087742e-10    3.1225022568e-10   -3.7621815385e-09    1.7303866673e-09
   32    2.5977484053e-09   -7.6327832943e-10   -4.9352882892e-09    5.9414279052e-09
   33    5.8113236445e-09   -1.0842021725e-09   -4.4408920985e-09    1.3340023530e-08
   34    9.3328123008e-09   -1.3704315460e-09   -3.6082248300e-09    2.0140139556e-08
   35    1.4085954625e-08   -5.8113236445e-10   -3.4520997172e-09    2.9941327195e-08
   36    1.9862583800e-08    8.0014120329e-10   -2.9143354396e-09    4.0176195704e-08
   37    2.8385497078e-08    3.0639553394e-09   -2.0990154059e-09    5.6068431148e-08
   38    3.9587473924e-08    3.5431726997e-09   -4.8572257327e-10    7.4807781497e-08
   39    4.9396250978e-08    2.0648630375e-09    3.4694469520e-10    9.0864815672e-08
   40    5.8379408079e-08    1.1053441148e-09    1.1275702594e-09    1.0621495003e-07
   41    6.7029715112e-08   -4.8409627001e-10    2.2898349883e-09    1.1952244749e-07
   42    7.7212541916e-08   -2.1320158096e-09    3.4347524824e-09    1.3385126341e-07
   43    9.3659888872e-08   -3.7489000619e-09    5.1347814889e-09    1.5898957498e-07
   44    1.1692036228e-07   -8.7018066364e-09    9.0205620751e-09    1.9283186159e-07
   45    1.4280948386e-07   -2.0161823600e-08    1.4398204851e-08    2.2706717149e-07
   46    1.6578914890e-07   -3.5993343722e-08    2.0140139556e-08    2.5482437341e-07
   47    1.7910152528e-07   -4.7316751212e-08    2.4494295481e-08    2.6957602817e-07
   48    1.8359445908e-07   -6.4695427834e-08    3.0461744238e-08    2.6159630018e-07
   49    1.7050217575e-07   -8.8644369622e-08    3.1745439610e-08    2.1458312557e-07
   50    1.5368782635e-07   -1.1322214867e-07    3.3792413312e-08    1.6058335217e-07
   51    1.3699978652e-07   -1.3052709955e-07    3.5093455919e-08    1.1338152639e-07
   52    1.2026621019e-07   -1.5420715919e-07    3.7747582837e-08    5.9696171617e-08
   53    1.0147264973e-07   -1.9106461205e-07    3.9447611844e-08   -1.6098233857e-08
   54    7.1076499721e-08   -2.0021744679e-07    3.8979236505e-08   -8.4959166438e-08
   55    6.2727600891e-08   -2.1078624957e-07    3.9499653548e-08   -1.1358969321e-07
   56    5.9165996755e-08   -2.2652886511e-07    4.2361947283e-08   -1.4135394244e-07
   57    4.9240125866e-08   -2.4295669643e-07    4.3576253717e-08   -1.8485213360e-07
   58    3.6636275610e-08   -2.5338021611e-07    4.4044629055e-08   -2.2919383405e-07
   59    2.2169766023e-08   -2.5848030313e-07    4.1321113198e-08   -2.7358323940e-07
   60    1.8153881176e-08   -2.6574012088e-07    3.7157776855e-08   -3.1565028369e-07
   61   -2.1625496532e-08   -2.5100798176e-07    1.8006429681e-08   -4.1102104359e-07
   62    0.0000000000e+00    0.0000000000e+00    0.0000000000e+00    0.0000000000e+00
   63    0.0000000000e+00    0.0000000000e+00    0.0000000000e+00    0.0000000000e+00
   64    0.0000000000e+00    0.0000000000e+00    0.0000000000e+00    0.0000000000e+00
   65    0.0000000000e+00    0.0000000000e+00    0.0000000000e+00    0.0000000000e+00
   66    0.0000000000e+00    0.0000000000e+00    0.0000000000e+00    0.0000000000e+00
   67    0.0000000000e+00    0.0000000000e+00    0.0000000000e+00    0.0000000000e+00
   68    0.0000000000e+00    0.0000000000e+00    0.0000000000e+00    0.0000000000e+00
   69    0.0000000000e+00    0.0000000000e+00    0.0000000000e+00    0.0000000000e+00
   70    0.0000000000e+00    0.0000000000e+00    0.0000000000e+00    0.0000000000e+00
   71    0.0000000000e+00    0.0000000000e+00    0.0000000000e+00    0.0000000000e+00
   72    0.0000000000e+00    0.0000000000e+00    0.0000000000e+00    0.0000000000e+00
   73    0.0000000000e+00    0.0000000000e+00    0.0000000000e+00    0.0000000000e+00
   74    0.0000000000e+00    0.0000000000e+00    0.0000000000e+00    0.0000000000e+00
   75    0.0000000000e+00    0.0000000000e+00    0.0000000000e+00    0.0000000000e+00
   76    0.0000000000e+00    0.0000000000e+00    0.0000000000e+00    0.0000000000e+00
   77    0.0000000000e+00    0.0000000000e+00    0.0000000000e+00    0.0000000000e+00
   78    0.0000000000e+00    0.0000000000e+00    0.0000000000e+00    0.0000000000e+00
   79    0.0000000000e+00    0.0000000000e+00    0.0000000000e+00    0.0000000000e+00
   80    0.0000000000e+00    0.0000000000e+00    0.0000000000e+00    0.0000000000e+00
   81    0.0000000000e+00    0.0000000000e+00    0.0000000000e+00    0.0000000000e+00
   82    0.0000000000e+00    0.0000000000e+00    0.0000000000e+00    0.0000000000e+00
   83    0.0000000000e+00    0.0000000000e+00    0.0000000000e+00    0.0000000000e+00
   84    0.0000000000e+00    0.0000000000e+00    0.0000000000e+00    0.0000000000e+00
   85    0.0000000000e+00    0.0000000000e+00    0.0000000000e+00    0.0000000000e+00
   86    0.0000000000e+00    0.0000000000e+00    0.0000000000e+00    0.0000000000e+00
   87    0.0000000000e+00    0.0000000000e+00    0.0000000000e+00    0.0000000000e+00
   88    0.0000000000e+00    0.0000000000e+00    0.0000000000e+00    0.0000000000e+00
   89    0.0000000000e+00    0.0000000000e+00    0.0000000000e+00    0.0000000000e+00
   90    0.0000000000e+00    0.0000000000e+00    0.0000000000e+00    0.0000000000e+00
   91    0.0000000000e+00    0.0000000000e+00    0.0000000000e+00    0.0000000000e+00
   92    0.0000000000e+00    0.0000000000e+00    0.0000000000e+00    0.0000000000e+00
   93    0.0000000000e+00    0.0000000000e+00    0.0000000000e+00    0.0000000000e+00
   94    4.9682480352e-08   -2.7755575616e-08    1.0963452368e-08    8.4376949872e-08
   95   -6.3282712404e-08    6.6613381478e-09    4.7878367937e-08   -1.5321077740e-07
   96   -8.8054563641e-08    5.5025428658e-08    4.5519144010e-08   -1.4238610291e-07
   97   -2.8709673527e-09    8.2312628935e-09   -6.4184768611e-09    5.4470317146e-09
   98   -3.7300891542e-08    3.1203338524e-08    3.0335976786e-08   -5.4856293119e-08
   99   -1.2212453271e-08    1.9565376879e-08    1.5733941927e-08   -9.8011876393e-09
  100    8.1740170188e-08   -6.6543992538e-08    8.0491169285e-09    1.1518563880e-07
  101    2.7755575616e-08   -1.8873791419e-08    3.9690473130e-08    5.7731597281e-08
  102   -1.9151347175e-08    2.2898349883e-08   -3.6082248300e-09   -3.8302694350e-08
  103   -6.6353172956e-09    1.9472271018e-08    1.0312931065e-08    2.8449465006e-09
  104    6.1218391467e-08   -2.4741493576e-08    2.5647886592e-08    1.0576609033e-07
  105    5.5958384627e-08   -1.2419535886e-08    3.1404051451e-08    1.0162660644e-07
  106   -2.8456512320e-08    1.9081145084e-08    1.2750082023e-08   -4.2607790126e-08
  107    7.5304346092e-08   -8.8817841970e-09    2.3731017151e-08    1.3766765505e-07
  108    1.3392065235e-08   -6.7307270868e-09    1.6310737483e-08    1.5404344467e-08
  109   -5.3949900103e-08    1.5126788711e-08    9.6580729525e-09   -9.4924068605e-08
  110   -4.4200754168e-08    1.3565537582e-08    1.2871648192e-08   -7.5356387796e-08
  111   -1.8235602915e-08    1.5220030097e-08    9.5407758300e-09   -2.3013004263e-08
  112    3.3861802251e-08   -1.3357370765e-08    2.2165429214e-08    5.0376369742e-08
  113   -3.3164677195e-08    1.0259889862e-08    6.6477263283e-09   -5.5531547785e-08
  114   -2.8041059600e-08    1.3563504703e-08    8.2831182505e-09   -4.3440525157e-08
  115   -3.8892500331e-08    1.0450997435e-08    8.9533415404e-09   -6.6665423182e-08
  116   -2.6237692574e-08    2.4381538455e-08   -1.9138336749e-08   -3.7444006229e-08
  117   -3.0608382582e-08    1.3355270123e-08   -9.3224446175e-10   -5.1819849410e-08
  118   -3.1554620028e-08    9.0032148403e-09    2.0729945538e-09   -5.4921345249e-08
  119   -3.8528208401e-08    2.4144640280e-08    1.8041124150e-09   -6.5138866523e-08
  120   -2.4982186458e-08    6.5083978788e-09   -2.8436590105e-10   -4.3257904854e-08
  121   -2.2620794127e-08    1.0941768325e-08   -2.2291196666e-09   -3.7886360715e-08
  122   -4.7739590059e-08    3.2196467714e-08    1.0269562978e-08   -8.4376949872e-08
  123    1.5543122345e-08    3.3306690739e-09    2.7755575616e-10    1.1102230246e-08
  124    5.2735593670e-08    2.2204460493e-09    1.8318679906e-08    1.4432899320e-07
  125    6.5008762262e-08   -4.1356891869e-09    4.8718624621e-09    1.2102515171e-07
  126    3.6411845761e-08   -3.4694469520e-10   -3.9898639947e-10    6.9041994344e-08
  127    6.9302202865e-08    1.5612511284e-09    1.2975731600e-08    1.2847362063e-07
  128    1.0026701691e-08   -5.7237201090e-08    6.1132739496e-08   -2.5413698923e-08
  129    3.9165719279e-08    2.5500435097e-09    5.8633653488e-09    7.2303274479e-08
  130    7.3135941747e-08   -2.7755575616e-09    2.2716203918e-08    1.3426759704e-07
  131    9.4108748572e-09   -1.9012569297e-08    9.7925140219e-09   -3.1051550220e-09
  132    1.6544925152e-08   -1.7759231585e-08    1.6091728644e-08    6.2796989830e-09
  133    4.7175804929e-08   -2.1770779624e-09    1.1666015376e-08    8.4619811158e-08
  134    6.5225602697e-09   -1.6132928327e-08    3.8025138593e-08   -2.3592239273e-08
  135    3.5613872962e-08   -6.7133798520e-09    1.3079815009e-08    5.9188765000e-08
  136    3.3848791825e-09   -1.9376861227e-08    3.9280644709e-09   -1.5403260265e-08
  137    3.6242710222e-08    1.1440501324e-07    5.5649929109e-08    1.7156415177e-07
  138    6.3317406873e-10   -1.9290125053e-08    2.0296264669e-09   -2.1371793224e-08
  139    6.3575446990e-08   -5.2648857496e-09    3.5084782302e-08    1.1805226935e-07
  140    3.0539806795e-08    1.5959455979e-09    3.6602665343e-09    5.8217319854e-08
  141    4.4964032497e-08   -2.5257573810e-08    5.0515147620e-08    6.8833827527e-08
  142    2.5326962749e-08   -1.2420620088e-08    6.0541849312e-09    3.4798552928e-08
  143    3.7955749654e-08    1.1154271951e-08    3.3792413312e-08    1.0082212842e-07
  144    3.0253577421e-08   -1.6514567491e-08    2.3314683517e-08    2.3314683517e-08
  145    3.1051550220e-08    1.0928757899e-09   -1.4398204851e-09    5.9778570982e-08
  146    0.0000000000e+00   -2.2204460493e-09   -2.9143354396e-09   -2.4424906542e-08
  147    2.4980018054e-08   -2.1510571102e-08   -1.9064611001e-08    3.8025138593e-08
  148    6.3837823916e-09    2.7755575616e-09    0.0000000000e+00    3.7747582837e-08
  149   -7.0343036951e-09    1.0393162025e-08   -2.9212743335e-08   -9.5409791179e-09
  150   -2.7265787284e-08    8.7129197086e-09    1.2939952929e-09   -4.5908914691e-08
  151   -1.9984014443e-08    6.7307270868e-09   -1.7021974108e-09   -3.4208746946e-08
  152   -5.5511151231e-08    1.1657341759e-08    5.2735593670e-08   -6.4392935428e-08
  153   -1.4502288259e-08    1.4432899320e-08   -3.0947466811e-08   -2.6506574713e-08
  154   -1.1707215058e-08    1.0058956706e-08   -6.2796989830e-09   -1.8461794593e-08
  155   -4.4755865680e-08    3.1832175784e-08    2.3314683517e-08   -4.8433479449e-08
  156   -1.5006103456e-08    5.2278873505e-09   -2.6627666543e-09   -2.6657143290e-08
  157   -2.9126007162e-08    5.8460181140e-09    2.6367796835e-09   -5.0168202925e-08
  158   -6.1201044232e-08    3.1918911958e-09    3.9690473130e-08   -1.4932499681e-07
  159    5.7245874707e-10    1.5248219354e-08    2.8275992658e-09    1.3739009930e-08
  160   -1.6306400674e-09    3.5700609136e-08    5.8624979871e-08    2.2377932840e-09
  161    4.1633363423e-09   -2.7755575616e-09   -2.3661628212e-08    6.3837823916e-09
  162   -2.9906632726e-08    1.8665624602e-08    1.8075818620e-08   -4.6004866583e-08
  163   -1.9984014443e-08    3.5527136788e-08    4.7739590059e-08    4.4408920985e-09
  164    2.1389140459e-08    6.9883335230e-08    2.0209528495e-08    9.5062846484e-08
  165    6.5225602697e-09    5.1486592767e-08    6.2450045135e-09    5.4956039719e-08
  166    1.2490009027e-08   -7.7715611724e-09   -1.3287981826e-08    1.6653345369e-08
  167   -1.4814538485e-08    1.3266297783e-08   -1.4224732503e-08   -2.4910629115e-08
  168   -3.7470027081e-09   -1.4745149546e-10   -1.1865508576e-08    7.0776717820e-09
  169    3.6255720648e-09    2.1579960041e-08    1.3010426070e-10    2.7478019859e-08
  170    6.5225602697e-08   -3.6359804056e-08   -1.2490009027e-09    1.0741407763e-07
  171    1.5537701334e-08   -1.1111988066e-08   -3.0515412246e-08    2.5970978840e-08
  172    2.7183116869e-08    2.0469737017e-09   -1.7347234760e-10    5.0237591864e-08
  173    1.5380492019e-08    1.4952503211e-09   -2.4958334011e-09    3.0223219760e-08
  174   -1.4166998737e-08    2.0165482782e-08    7.4741509639e-09   -1.0327974370e-08
  175   -7.8062556419e-10   -1.6609977282e-08    3.6949610038e-09   -2.1475876633e-08
  176    1.4302795059e-08   -1.4823212102e-08    8.9771939882e-09    1.1657341759e-08
  177   -1.9226157125e-08    1.0303308770e-08    2.1662359406e-09   -2.7000970904e-08
  178   -6.0750016129e-08    9.5756735874e-09    3.9898639947e-09   -1.1088352458e-07
  179   -1.2906342661e-08    1.5820678101e-08    1.3548190347e-08   -1.3253287356e-08
  180   -1.6375789613e-08    1.2958384366e-08    3.5214886562e-09   -2.0018708913e-08
  181   -2.0296264669e-08    4.5276282723e-09    1.6913553891e-09   -3.4520997172e-08
  182   -2.2985357107e-08    9.1181402706e-09   -7.6634120057e-09   -4.1668599994e-08
  183   -5.4600421406e-09    8.2274681859e-09   -1.5230872119e-08   -7.7108458507e-09
  184   -1.5064989187e-08    3.6860163359e-09   -5.9847959921e-10   -2.6214924329e-08
  185   -5.6339481691e-08    3.0190693695e-08   -1.6566609196e-09   -9.6476646116e-08
  186   -6.3995033231e-09    9.9573127521e-09   -1.0453199721e-08   -7.4061850402e-09
  187   -1.5093178443e-08    3.9673667997e-09   -1.1129335301e-09   -2.6359123217e-08
  188    1.7243151351e-08   -9.4542429441e-09   -1.3340023530e-08    2.9420910153e-08
  189    5.4184087772e-08   -2.3648617786e-08   -2.0285422647e-09    9.0591596724e-08
  190    3.5199707732e-08    2.0664893408e-09    1.9710795496e-09    6.6149342948e-08
  191    5.0752757303e-08   -1.6905422374e-09    5.4000552673e-09    9.0368860940e-08
  192    1.4145924558e-08   -1.6821938807e-08    4.1770921574e-09    9.6813832992e-09
  193    1.0299920639e-08   -1.1123914290e-08    2.0166160408e-09    7.7108458507e-09
  194    9.9920072216e-09   -4.3298697960e-08    2.4494295481e-08   -8.3266726847e-09
  195   -1.4311468677e-09   -1.6080886622e-08    1.1492543028e-09   -2.3002433291e-08
  196    9.0205620751e-10    5.1555981706e-08    2.7113727930e-08    3.7643499429e-08
  197    1.3704315460e-09   -1.6757428778e-08    3.4911309954e-09   -1.7000290065e-08
  198    7.9797279895e-08   -2.2759572005e-08    3.8302694350e-08    1.4488410471e-07
  199    1.2615776479e-08   -6.8304736867e-11   -4.0419056990e-09    2.4927976350e-08
  200    8.7256590842e-09   -9.4715901788e-09   -1.8947517166e-08    1.1032841307e-08
  201   -9.0205620751e-09    8.3093254499e-09   -5.6530301273e-09   -1.4155343564e-08
  202   -2.4251434194e-08    2.2772582431e-08   -2.6281060661e-08   -3.6776137691e-08
  203   -3.2560759644e-08    1.3242987436e-08   -7.8626341549e-09   -5.6976992568e-08
  204   -4.4964032497e-08    1.9984014443e-08    2.2204460493e-09   -1.1102230246e-07
  205   -2.7200464103e-08    2.4424906542e-08   -4.7184478547e-09   -4.8849813084e-08
  206   -9.5409791179e-09    2.6020852140e-09   -1.0538445117e-09   -1.8179902028e-08
  207    8.0491169285e-09    4.7323256425e-08    2.3592239273e-09    5.2458037914e-08
  208    2.1074721829e-08   -1.4506625068e-08   -2.7497535499e-08    3.3003114130e-08
  209    3.0531133177e-09   -2.4980018054e-09   -1.9871257417e-08    4.3715031595e-09
  210    6.0802057833e-09    3.0049747413e-08    7.7238562768e-09    3.4000580129e-08
  211    2.0816681712e-09    2.4980018054e-09   -1.7069679004e-08    6.1062266354e-09
  212   -3.5887091909e-10    1.6942285248e-08    2.1971357025e-09    1.4916453489e-08
  213    9.9746599869e-11    6.8955258170e-10   -1.7976072020e-08    3.0357660830e-09
  214    2.3887946946e-08    1.4414827872e-09    2.2154390257e-09    4.4196305127e-08
  215    1.5161483180e-08   -3.5041414215e-09   -3.6429192996e-09    2.7963742433e-08
  216   -7.3725747729e-09    1.8735013541e-08    4.6533957243e-09    1.7780915629e-09
  217   -1.6306400674e-09   -1.6643587550e-08    5.9327542878e-09   -2.5994831288e-08
  218    3.6372814483e-08   -4.0549161251e-09    1.7676832220e-08    6.5277644401e-08
  219   -3.5298912231e-09    2.2719998626e-08    4.0747112851e-09    1.6340824093e-08
  220   -1.4016565686e-08    1.3947176747e-08    2.1944251971e-09   -1.4016565686e-08
  221   -2.8310687128e-08    5.4643789493e-09    4.3715031595e-09   -4.9127368840e-08
  222    5.4101688407e-09   -3.7361606864e-09   -2.3224423686e-08    7.9884016069e-09
  223   -8.9685203708e-09    1.1067535777e-08   -1.1397133237e-08   -1.3010426070e-08
  224   -5.6591016595e-08    1.6257069475e-08    7.1606132482e-09   -9.9826559779e-08
  225   -2.8362728832e-09    9.0444145229e-09   -1.8486731243e-08   -1.5525775110e-09
  226   -1.2849964148e-08    1.7390602847e-09   -4.4235448637e-10   -2.4025920142e-08
  227    4.3715031595e-09   -7.0082828429e-09   -1.1069704181e-08    4.8919202023e-09
  228    3.0808688933e-08   -1.8873791419e-08   -2.0799334477e-08    4.7739590059e-08
  229    4.1184503724e-08    1.0633312807e-09    1.8127860324e-09    7.7216878724e-08
  230    7.0679139624e-08    1.4348738126e-09    1.4615045285e-08    1.3025604900e-07
  231   -7.6501305291e-09   -4.2309905579e-08    4.0488445929e-08   -5.8304056028e-08
  232    5.6551985317e-09   -1.1830814106e-08    7.2337968948e-09   -3.2612801348e-09
  233   -4.0419056990e-09   -2.0018708913e-08    6.0715321659e-10   -3.1155633629e-08
  234   -2.2724877535e-09   -2.3227947343e-08    2.6714741530e-09   -3.2508717940e-08
  235    2.9351521214e-08   -2.2551405188e-09   -7.3552275381e-09    5.5649929109e-08
  236    2.7755575616e-10    4.2500725161e-09   -1.3140530331e-08    2.6367796835e-09
  237   -4.5709963592e-09    8.3201674717e-09   -5.7939764098e-09   -5.7202506620e-09
  238   -5.8460181140e-08    1.3808398869e-08    1.3981871216e-08   -1.0963452368e-07
  239   -5.0254939099e-08    1.6501557065e-08   -2.6671373443e-09   -8.9169123474e-08
  240   -5.8841820305e-08    2.9680305522e-08    1.3877787808e-08   -1.0005885009e-07
  241    1.0234868508e-08   -7.0950190167e-09   -2.1510571102e-08    1.7832957333e-08
  242    1.5265566589e-09   -9.9920072216e-09    4.7878367937e-09   -1.2212453271e-08
  243    2.2551405188e-09   -8.5651971626e-10   -7.4246164772e-09    8.5348395018e-09
  244   -2.3982552055e-09    4.8875833936e-09   -2.4006946604e-08   -2.2009304101e-09
  245   -3.4000580129e-09    2.3869795029e-08    6.8261368780e-09    1.6098233857e-08
  246    6.9666494795e-08   -5.5511151231e-10    3.4781205693e-08    1.2975731600e-07
  247    9.4108748572e-08   -7.0913598344e-10    2.2894013074e-08    1.7391036528e-07
  248   -8.4134088585e-10    1.4970663598e-08    2.5717275531e-09    1.4779844015e-08
  249    5.6074936361e-09   -4.9916668021e-09   -3.2022995367e-08    4.7531423242e-09
  250   -9.0292356925e-09    1.2120296086e-08   -1.8067145002e-08   -1.1674688993e-08
  251    0.0000000000e+00    3.8163916471e-09   -1.9266814706e-08    2.1510571102e-09
  252    7.1882604036e-09   -2.5410988418e-09   -4.7715737611e-09    1.4116312286e-08
  253    3.2612801348e-08   -9.2981178312e-09   -1.3235940122e-08    5.8841820305e-08
  254    7.3552275381e-09   -1.1934897515e-08    1.3045120539e-08   -2.7755575616e-09
  255   -3.4694469520e-10   -2.1926904736e-08    4.7184478547e-09   -2.5565487227e-08
  256    4.6213033400e-08   -9.7664931697e-09    1.7694179455e-09    8.4168783054e-08
  257    1.7832957333e-08   -6.4184768611e-09   -1.8179902028e-08    3.3896496721e-08
  258    1.7260498586e-09    1.4658413372e-09   -1.1943571132e-08    3.9378222905e-09
  259   -3.0747973612e-09    5.6421881056e-09   -8.0924850154e-09   -4.6273748722e-09
  260   -6.9944050551e-08    2.2204460493e-08    4.7184478547e-08   -1.4210854715e-07
  261   -5.3290705182e-08    1.6653345369e-08    2.2482016249e-08   -9.2148511044e-08
  262    1.0685896612e-08   -7.3552275381e-09   -2.9420910153e-08    1.3739009930e-08
  263    2.2898349883e-09   -4.4339532046e-08    1.4710455076e-08   -4.0106806765e-08
  264   -2.2759572005e-08    1.9235914944e-08   -2.3800406090e-08   -3.6880221099e-08
  265   -4.0679265512e-09    7.3985956250e-09   -2.0998827677e-08   -5.6898930012e-09
  266   -5.7668713555e-09    1.2555603258e-08    5.5812017334e-09    1.3552527156e-09
  267    1.3140530331e-09    1.9545996766e-08    1.5785983631e-09    2.4208066107e-08
  268   -6.2927094091e-09    6.1821207875e-09   -2.0053403382e-08   -1.0312931065e-08
  269   -1.6328084718e-09    2.2746561579e-09   -1.7679000625e-08   -4.6360484895e-09
  270   -6.2623517483e-09    6.5225602697e-09   -1.8630930132e-08   -1.1865508576e-08
  271    1.0586150012e-08   -8.3375147064e-10   -4.5428071027e-09    2.1057374594e-08
  272    3.5041414215e-08    2.0816681712e-10    2.6749436000e-08    6.2935767708e-08
  273   -3.4694469520e-10   -1.7624790516e-08    4.7011006199e-09   -2.5812685323e-08
  274    9.7144514655e-10   -1.7139067943e-08    2.5673907444e-09   -1.9151347175e-08
  275    3.7938402420e-08   -3.4694469520e-09    1.2143064332e-09    6.9874661612e-08
  276    1.7642137751e-08   -1.4682265820e-08   -2.2429974544e-08    2.5934115966e-08
  277    2.8753041614e-09   -1.7564075194e-09   -8.5218290757e-09    5.0306980803e-09
  278   -1.2186432419e-09    3.9031278209e-09   -7.2337968948e-09   -1.4224732503e-09
  279   -6.2103100440e-08    1.2091022628e-08    5.7592819402e-08   -1.1254885912e-07
  280    7.1644079558e-09   -3.2395960914e-09   -9.8011876393e-09    1.3296655443e-08
  281   -3.5388358910e-09   -3.0669911055e-08    1.6861512186e-08   -4.2882364326e-08
  282   -3.2612801348e-08    2.0281085839e-08   -1.6749839363e-08   -5.5183722175e-08
  283   -1.0824674490e-08    7.8756445809e-09    8.8384161101e-09   -1.3392065235e-08
  284   -2.9143354396e-09    1.1102230246e-09   -1.9567680809e-08   -1.1102230246e-09
  285    1.2127885501e-08   -4.9076411338e-09   -4.8637309458e-09    2.0296264669e-08
  286    6.4531713306e-09    2.2620794127e-08    7.4940054162e-09    2.6645352591e-08
  287    9.5756735874e-09   -7.7021722333e-09    9.4368957093e-09    5.2735593670e-09
  288    1.3964523982e-08   -8.2009052327e-09   -2.8839777788e-08    2.0851376181e-08
  289    1.2555061157e-09   -1.2034644115e-09   -8.2955018722e-09    1.3183898417e-09
  290   -4.2188474936e-08   -2.7755575616e-08    3.2751579226e-08   -1.2878587086e-07
  291    9.9920072216e-09   -4.8572257327e-09   -8.0491169285e-09    1.4710455076e-08
  292   -3.4260788651e-08    2.1857515797e-08   -2.0816681712e-09   -5.6100957213e-08
  293    7.3205330686e-09   -2.5673907444e-09   -3.8510861167e-09    1.4294121442e-08
  294    1.0824674490e-08    4.6837533851e-08    4.0592529338e-09    5.9119376061e-08
  295    1.7624790516e-08   -1.6792123247e-08    2.1579960041e-08    1.1379786002e-08
  296    4.8572257327e-10    1.6132928327e-09   -1.5022705302e-08    6.9388939039e-10
  297    2.1163626407e-09    3.7079714299e-10   -1.6913553891e-08    3.8857805862e-09
  298    2.1649348980e-08   -3.0322966360e-08   -8.0491169285e-09    2.7200464103e-08
  299   -2.9212743335e-08    1.8700319071e-08   -8.1878948066e-09   -4.6906922790e-08
  300    5.9258153939e-08   -2.9698465909e-08    3.4139358007e-08    1.0352829705e-07
  301    1.0061396161e-09   -3.7470027081e-09   -2.5188184871e-08   -2.6367796835e-09
  302    3.1433189385e-08   -2.2213134110e-08    1.8041124150e-09    6.5225602697e-08
  303   -3.2421981766e-08    2.3037127761e-08   -1.4483551890e-08   -6.5255960358e-08
  304   -4.4131365229e-08    1.9428902931e-08    4.8572257327e-09   -8.1046280798e-08
  305    5.5788706987e-08   -3.7192471325e-08    3.7018998977e-08    9.3258734069e-08
  306   -1.2143064332e-08    8.9771939882e-09   -1.3327013104e-08   -2.0504431486e-08
  307   -7.0776717820e-09    6.3837823916e-09   -1.6514567491e-08   -1.4432899320e-08
  308    8.7152507433e-08   -1.0881053003e-08    2.7512714329e-08    1.6112111645e-07
  309   -9.5881419124e-09    1.5349321206e-08    2.6736425573e-09   -4.4387236942e-09
  310   -1.8657222035e-08    1.0488571817e-08    1.4491988339e-08   -2.7817375139e-08
  311    7.0776717820e-09    3.9256792261e-08    2.7408630920e-09    4.5449755071e-08
  312    3.1953606427e-08   -7.9797279895e-10    2.0079424234e-09    5.6447901908e-08
  313    3.1086244690e-08    6.6613381478e-09    3.0253577421e-08    6.7723604502e-08
  314    2.0448052973e-08   -9.5621210602e-09    1.2680828609e-08    2.6740762382e-08
  315    1.2195106036e-08   -1.1796119637e-08    3.0444397003e-09    1.0286910213e-08
  316   -2.1649348980e-08    6.1409211050e-09    4.0852737859e-09   -3.5041414215e-08
  317   -2.0461554678e-08    8.6987911991e-09    2.9248222369e-09   -3.1305439876e-08
  318   -1.9099305471e-08    1.1206313655e-08    4.7704895589e-09   -2.7339241981e-08
  319    6.7640663036e-09   -1.7660569188e-08    4.8767413718e-09   -6.4756685257e-09
  320   -4.1980308119e-08    2.4667767828e-08    2.0747292773e-08   -7.2025718723e-08
  321   -1.9741153157e-08    3.4694469520e-09    2.1922567928e-09   -3.4243441416e-08
  322   -2.2382676225e-08    4.3900023590e-09    2.9648270736e-10   -4.1076456201e-08
  323    2.8156730419e-08    1.6009600329e-09    3.2992272109e-09    5.2880876761e-08
  324    3.1825602809e-08    2.9968872707e-10    3.2172090106e-09    5.6996542089e-08
  325    4.5059442288e-08    1.7347234760e-11    8.6042284408e-09    8.0786072276e-08
  326    2.7720008702e-08   -7.1208111700e-09    6.2577502418e-09    4.2937548523e-08
  327    1.9611048896e-08   -9.7838404045e-09    5.1174342541e-09    2.5292268280e-08
  328    4.9873299934e-08   -1.9385534844e-08    4.2327252814e-08    9.0205620751e-08
  329    4.0453751460e-08    1.0408340856e-09    3.0843383403e-08    7.8548278992e-08
  330    1.8283985437e-08    3.8163916471e-10    1.4289784633e-09    3.3063829452e-08
  331    1.4771170398e-08    7.8062556419e-10    6.7871055998e-10    2.7929047963e-08
  332   -1.4519635494e-08    9.6450625264e-09    3.8294020732e-09   -1.8318679906e-08
  333    3.8857805862e-09    2.8206603719e-08    8.3266726847e-10    3.3549552025e-08
  334    2.9698465909e-08   -2.3037127761e-08   -1.7347234760e-08    4.8572257327e-08
  335   -2.3522850334e-08    1.3261960974e-08   -9.2287288922e-09   -3.9968028887e-08
  336    3.4520997172e-09    1.6653345369e-08    2.2377932840e-09    2.6367796835e-08
  337   -5.6092554646e-09    1.7766278899e-08    4.6860729366e-09    7.0241392997e-09
  338   -9.3089598530e-09    1.1763593571e-08    2.0079424234e-09   -6.8781785822e-09
  339    7.5269651623e-08   -1.4042586538e-08    3.0080105073e-08    1.4144935223e-07
  340   -2.9524993561e-08    3.6082248300e-09    5.7506083229e-09   -5.3047843895e-08
  341   -8.7083118494e-09    4.4582393333e-09   -6.2450045135e-09   -1.6375789613e-08
  342    5.7870375159e-08   -2.0122792321e-09    4.6282422339e-08    1.0921819005e-07
  343   -3.8055496254e-09   -1.9156768186e-08    1.8431436932e-09   -3.2656169435e-08
  344    3.6602665343e-09   -1.7381929229e-08    3.8836121818e-09   -1.2490009027e-08
  345   -3.7470027081e-09    8.3266726847e-10   -1.0581813203e-08   -8.3266726847e-09
  346   -2.6367796835e-09    6.9388939039e-09   -9.4368957093e-09   -2.7755575616e-09
  347   -8.2399365109e-09    8.3266726847e-09   -1.0386656812e-08   -1.2698175844e-08
  348   -1.6757428778e-08    2.3574892039e-08   -4.8572257327e-10   -1.1865508576e-08
  349   -5.0133508456e-08    7.7021722333e-09    1.6427831318e-08   -9.3952623459e-08
  350    2.3505503099e-09    3.3332711591e-08    8.8644369622e-09    3.2005648132e-08
  351    3.4555691641e-08   -1.4016565686e-08   -1.1657341759e-08    6.0576543781e-08
  352   -3.1745439610e-09    1.5716594692e-08    3.5518463171e-09    1.0443035325e-08
  353   -1.0408340856e-10    1.3877787808e-10    9.7491459350e-09   -4.6490589156e-09
  354    2.0677903834e-08    6.7463395981e-08    7.6674777638e-09    9.4854679666e-08
  355    2.8831104171e-08   -7.3552275381e-09    1.3478801408e-08    4.5241588253e-08
  356   -3.9022604592e-08    2.4545252983e-08    1.7081605228e-08   -6.1842891919e-08
  357   -4.5731647635e-09    3.0032400178e-09   -5.8525233271e-09   -9.0899510141e-09
  358    1.1587952820e-08   -5.8980598183e-10   -8.2399365109e-10    2.1892210267e-08
  359    3.9464959078e-09   -1.6046192153e-09   -2.6281060661e-09    8.3960616237e-09
  360    7.0846106759e-08   -6.5225602697e-09    1.6098233857e-08    1.2947976025e-07
  361   -8.1878948066e-09   -4.7323256425e-08    1.4710455076e-08   -5.4400928207e-08
  362   -3.9031278209e-10    1.6740081543e-09   -6.2146468527e-09   -1.5612511284e-10
  363   -2.3687649064e-08    1.7117383899e-08   -2.1020511720e-08   -3.6437866613e-08
  364    8.8297424927e-09   -9.8705765783e-09   -1.9463597400e-08    1.2559397966e-08
  365   -1.4311468677e-09    2.0252896582e-09   -8.6389229104e-09   -3.0878077872e-09
  366    2.7972416050e-10    9.3241386834e-10   -1.2987657824e-08    9.4976110310e-10
  367    3.8163916471e-10   -2.2204460493e-08    8.3960616237e-09   -3.1641356202e-08
  368   -1.7494686255e-08    6.7133798520e-09    3.2835062794e-09   -2.6471880243e-08
  369    5.5684623579e-09   -4.2153780466e-09   -1.3114509478e-08    7.9103390505e-09
  370   -1.9888604652e-08    3.6689401517e-09    1.8388068845e-09   -3.6845526630e-08
  371    4.8572257327e-09   -6.3837823916e-09    9.1246454836e-09   -2.6367796835e-09
  372   -2.0643209364e-09   -1.2225463697e-08    7.7975820245e-09   -2.0070750617e-08
  373   -1.5612511284e-10    1.8648277367e-10   -4.5189546549e-09   -8.4134088585e-10
  374    1.0685896612e-08   -3.1918911958e-09    1.5092094241e-08    6.1062266354e-09
  375   -2.6020852140e-11    1.2993078835e-08    1.5439038936e-09    1.3600232052e-08
  376    1.1379786002e-08   -3.9551695252e-09    1.7832957333e-08    1.2767564783e-08
  377    3.8857805862e-08   -1.6653345369e-08   -4.0549161251e-09    6.3282712404e-08
  378   -1.8283985437e-08    7.9450335200e-09    1.8457457784e-08   -3.0600522116e-08
  379    1.5681900223e-08   -1.3981871216e-08    1.9567680809e-08    2.4563684420e-08
  380   -2.2369259223e-08    6.5919492087e-09    6.0888794007e-09   -3.6134290005e-08
  381   -2.9310321531e-08    8.9609987182e-09    8.3526935368e-09   -4.9691153969e-08
  382    6.5399075044e-09   -1.6479873022e-08    4.1850203858e-09   -5.7592819402e-09
  383   -1.3877787808e-08    2.1337098755e-09    1.0560129160e-09   -2.5882074262e-08
  384    2.2638141361e-08   -1.5612511284e-10    2.5457067010e-09    3.9447611844e-08
  385    2.8085173076e-08   -6.0021432269e-09    5.9004992732e-09    4.4755865680e-08
  386    3.4139358007e-08    3.0531133177e-09    2.9698465909e-08    6.9944050551e-08
  387    5.3533566469e-08   -2.6597647695e-08    2.7118064738e-08    8.1878948066e-08
  388    2.1510571102e-08   -2.0816681712e-10    2.6714741530e-08    3.3306690739e-08
  389    1.6566609196e-08    1.0061396161e-09    1.0191500421e-09    3.1086244690e-08
  390   -1.5439038936e-09    1.6462525787e-08    4.0419056990e-09    1.2542050731e-08
  391   -6.2016364266e-09    1.4849232954e-08    3.8120548385e-09    3.2612801348e-09
  392   -1.2251484549e-08    1.2264494975e-08    6.1756155745e-09   -1.1509890263e-08
  393    8.3769796655e-08   -3.4625080580e-08    8.4307560932e-09    1.5466794512e-07
  394   -1.2385925618e-08    5.7766291750e-09   -5.4817261841e-09   -2.3106516700e-08
  395   -2.5326962749e-09   -1.8110513089e-08    2.3939183968e-09   -2.7859659024e-08
  396    1.7347234760e-11    3.1398494915e-09   -1.3600232052e-08    1.0304257447e-08
  397   -5.4903998015e-09    2.6020852140e-10   -1.2980068409e-08   -1.4190038033e-08
  398   -8.2572837456e-09    8.2919782152e-09   -1.1310397063e-08   -1.2906342661e-08
  399   -1.9619722513e-08    8.2919782152e-09   -9.0899510141e-09   -3.5908775953e-08
  400    3.3017208759e-08   -1.6733576330e-08   -9.1508018610e-09    5.5953505718e-08
  401    3.8163916471e-10    1.4675760607e-08    8.8123952580e-09    1.4710455076e-08
  402   -7.7802347898e-09    4.0215226982e-08    2.3783058856e-08    1.8778381627e-08
  403   -8.3266726847e-10    3.5110803154e-08    2.4147350786e-08    2.3314683517e-08
  404    1.5196177650e-08   -1.1969591984e-08    7.3031858339e-09    1.5473733406e-08
  405   -5.3596450195e-08    2.4871597837e-08    2.9488130687e-08   -9.8389178749e-08
  406   -5.3256010712e-09    4.5102810375e-09   -7.3552275381e-09   -9.8532293435e-09
  407   -9.1593399532e-09   -5.0792703377e-08    2.7755575616e-08   -4.6074255522e-08
  408    1.2143064332e-10    2.0903417886e-09   -1.9515639105e-08   -8.8470897275e-10
  409   -1.7694179455e-09   -1.6514567491e-08    6.4358240959e-09   -2.4841240176e-08
  410    1.2490009027e-08   -8.3266726847e-10    2.1094237468e-08    1.8873791419e-08
  411    1.9775847626e-09   -6.7827687911e-09    1.7069679004e-08   -9.2113816574e-09
  412    7.5356387796e-08   -3.8788416923e-08    2.2343238371e-08    1.3627987627e-07
  413   -7.5980888248e-09    7.3899220077e-09    1.0200174039e-08   -7.0776717820e-09
  414   -4.1321113198e-08    5.6205040622e-09    1.3374718000e-08   -7.6119666126e-08
  415   -3.3397763721e-08    5.9913012052e-09    1.4667086989e-08   -5.9145396913e-08
  416    3.9968028887e-08   -1.3296655443e-08    3.7764930072e-08    7.6189055065e-08
  417   -4.8572257327e-09    3.1918911958e-08    1.2420620088e-08    1.0269562978e-08
  418    3.0986498090e-09    2.7224316551e-08    6.2336203907e-09    2.8906998323e-08
  419    3.4547018024e-08   -2.7673176251e-08   -1.6630035023e-08    5.6560658934e-08
  420   -2.4980018054e-09   -9.4368957093e-09   -1.1241008124e-08   -1.7763568394e-08
  421   -1.3201245652e-08   -3.7036346212e-09   -1.1692036228e-08   -4.1563974484e-08
  422   -1.5612511284e-08    1.0824674490e-08   -8.6736173799e-09   -2.6645352591e-08
  423   -2.9490299092e-08    1.2073675393e-08   -8.8123952580e-09   -5.3637649877e-08
  424    4.6382168939e-09    2.2870160626e-08    2.4221076533e-09    3.0388018490e-08
  425   -5.3290705182e-08    2.5535129566e-08    5.6968318951e-08   -9.7699626167e-08
  426   -3.4416913763e-08    1.6237011735e-08    3.4694469520e-08   -5.9119376061e-08
  427   -2.8102520311e-09    5.8633653488e-09   -2.2655488596e-08   -3.4694469520e-09
  428    8.6042284408e-09    1.7347234760e-09    2.1371793224e-08    9.4368957093e-09
  429    1.7208456882e-08   -8.3266726847e-10    2.5535129566e-08    2.7200464103e-08
  430   -3.5110803154e-08    4.9526355239e-09    1.2073675393e-08   -6.6058269965e-08
  431    1.4432899320e-08    2.7755575616e-10    1.8041124150e-08    2.3869795029e-08
  432   -8.7430063189e-09    1.3912482277e-08    1.4432899320e-08   -3.1225022568e-09
  433   -9.5756735874e-09    4.6230380635e-09   -4.7153985360e-09   -4.5536491244e-09
  434   -4.0210890173e-08    1.6583956430e-08   -1.0755285551e-08   -7.1123662515e-08
  435    2.2236986558e-09    1.9505881285e-08    1.0145963930e-08    2.3104348296e-08
  436   -1.0451708943e-09    2.0090266256e-09   -1.7745136957e-08   -2.9457773026e-09
  437    1.9984014443e-08    3.8267999880e-08    4.3715031595e-08    6.0368376964e-08
  438   -4.2328337016e-08    1.1098435539e-08    1.7626416819e-08   -7.6772355834e-08
  439    1.0547118734e-08   -9.4368957093e-09    2.6367796835e-08    1.6653345369e-08
  440    1.3669620991e-08   -1.0434361708e-08    2.9351521214e-08    1.1657341759e-08
  441   -3.3618940964e-08    1.8086660641e-08    3.1493904706e-08   -5.5927484865e-08
  442   -8.8123952580e-09    3.5908775953e-09   -4.5796699766e-09   -1.7486012638e-08
  443    4.1633363423e-10    4.8572257327e-09    1.6202317266e-08    1.5265566589e-09
  444    4.9005938196e-10    2.1900883884e-09   -1.4207385268e-08    5.0567189325e-09
  445   -3.5041414215e-09    3.6168984474e-09   -1.6896206656e-08   -2.7061686225e-09
  446   -2.8310687128e-08    5.4123372450e-09    2.4459601011e-08   -5.0792703377e-08
  447    1.6098233857e-08   -3.3306690739e-09    4.4964032497e-08    5.5511151231e-09
  448    3.3861802251e-08   -1.9984014443e-08    4.1078251911e-08    4.1078251911e-08
  449   -2.9976021665e-08    7.2164496601e-09    2.6367796835e-08   -5.7176485768e-08
  450    2.4286128664e-09   -3.6082248300e-09   -1.8075818620e-08    9.7144514655e-10
  451    1.8648277367e-09   -1.4528309111e-09   -1.7780915629e-08   -1.2316536679e-09
  452   -9.0552565446e-09    2.3071822230e-09   -1.5716594692e-08   -1.5543122345e-08
  453    4.2743586448e-08   -1.6653345369e-08    3.1918911958e-08    4.6629367034e-08
  454    1.7208456882e-08   -1.6653345369e-09    2.9976021665e-08    5.1070259133e-08
  455    1.0269562978e-08   -4.3021142204e-09   -2.0816681712e-08    2.1926904736e-08
  456    1.9255430583e-09   -1.3704315460e-09   -1.5213524884e-08    6.4705185654e-09
  457   -1.5057399771e-08    6.2796989830e-09   -2.0608514895e-08   -3.1225022568e-08
  458   -1.8388068845e-08    1.2177758801e-08   -1.2385925618e-08   -3.4642427815e-08
  459    2.0539125956e-08    3.8857805862e-09    2.4424906542e-08    3.7747582837e-08
  460    4.0245584643e-09   -4.5796699766e-09   -1.8179902028e-08    3.8857805862e-09
  461    1.2767564783e-08   -6.2623517483e-09   -2.2412627310e-08    2.1649348980e-08
  462    1.8735013541e-08   -2.9143354396e-09   -2.0677903834e-08    3.8025138593e-08
  463   -8.3266726847e-09    1.0824674490e-08    1.0338951917e-08   -7.2164496601e-09
  464   -1.3704315460e-09    1.4207385268e-08    1.0928757899e-08    1.1518563880e-08
  465   -8.3049886412e-10    6.0525586279e-10   -3.1398494915e-09   -2.0729945538e-09
  466    1.1796119637e-09   -7.7715611724e-09    1.6254358970e-08   -9.1593399532e-09
  467    1.6653345369e-09   -2.7755575616e-10    1.5647205753e-08   -3.4694469520e-09
  468    1.9949319974e-10    1.4120649094e-08    2.2377932840e-09    1.4328815912e-08
  469    1.5872719805e-09   -3.8380756906e-10   -1.8119186707e-08    3.9031278209e-09
  470   -7.0516509298e-09    5.0870765933e-09   -1.2342557532e-08   -1.2646134140e-08
  471   -2.5882074262e-08    1.3739009930e-08   -8.9511731360e-09   -4.5519144010e-08
  472    1.1102230246e-09    3.3306690739e-09    3.1641356202e-08   -2.4424906542e-08
  473    6.1322474876e-09    6.9822619908e-10   -1.3441938534e-08    1.6028844918e-08
  474   -1.5404344467e-08    6.8174632606e-09    1.8179902028e-08   -2.3453461395e-08
  475    7.9103390505e-09    1.5543122345e-08    2.0122792321e-08    8.0491169285e-09
  476   -5.5511151231e-09    1.1934897515e-08   -1.0547118734e-08   -4.9960036108e-09
  477   -5.7704492226e-08    2.0677903834e-08    1.0929164474e-08   -1.0221315981e-07
  478    1.4918621893e-08   -9.7925140219e-09   -1.3870198393e-08    2.1883536649e-08
  479   -1.0338951917e-08    1.5985476831e-08    3.2959746044e-08    3.8857805862e-09
  480   -1.0009354456e-08    8.6562701451e-09   -1.7017637299e-08   -1.2351231149e-08
  481    1.6132928327e-09    1.8342532354e-08    3.5822039779e-09    2.2169766023e-08
  482   -1.3010426070e-10   -5.3776427755e-10   -7.5330366944e-09   -1.6323747909e-08
  483   -2.9316826744e-09    1.8388068845e-09   -6.1235738702e-09    5.5511151231e-10
  484    6.5919492087e-10    1.4317973890e-08    3.0292608699e-09    1.3869114190e-08
  485   -4.9960036108e-08    2.7755575616e-09    3.7608804959e-08   -8.5487172896e-08
  486    2.6562953226e-08   -1.9801868478e-08    2.8709673527e-08    3.7530742403e-08
  487   -9.0205620751e-10   -4.1633363423e-10   -1.2975731600e-08    0.0000000000e+00
  488   -8.2399365109e-11    3.1172980863e-08    1.4155343564e-08    3.0054084221e-08
  489   -4.0245584643e-09    1.1102230246e-08    1.3149203948e-08    4.4408920985e-09
  490    3.5388358910e-09   -5.1347814889e-09    1.1622647289e-08   -1.9428902931e-09
  491   -2.0556473190e-09    1.8995222062e-09   -3.8510861167e-09   -4.6317116809e-09
  492   -3.3566899260e-09    3.0184188482e-09   -3.6515929169e-09   -6.1929628092e-09
  493    3.5041414215e-09   -4.8572257327e-10   -1.6132928327e-08    1.0269562978e-08
  494   -7.5113526510e-09    3.7101398342e-09   -1.4085954625e-08   -1.6740081543e-08
  495   -4.9439619065e-08    1.8492152254e-08   -1.6653345369e-09   -9.0066842873e-08
  496    6.6613381478e-09    4.4408920985e-09    2.3939183968e-08    1.7763568394e-08
  497    6.6613381478e-09   -9.9920072216e-09   -1.5959455979e-08    5.5511151231e-09
  498    7.8062556419e-11   -6.2450045135e-09   -1.2802259253e-08   -1.1882855810e-08
  499   -2.4702462298e-08    6.3837823916e-09    2.7963742433e-08   -4.1633363423e-08
  500    1.9428902931e-09    1.0547118734e-08    2.0261570199e-08    9.4368957093e-09
  501   -4.0184869321e-08    1.5439038936e-08    1.3886461425e-08   -6.9475675213e-08
  502    1.4467593790e-08   -6.8001160258e-09   -1.4849232954e-08    2.6229018957e-08
  503   -3.2196467714e-08   -1.1102230246e-09    4.3021142204e-08   -7.1054273576e-08
  504   -2.0816681712e-09    2.1510571102e-09   -4.4408920985e-09    2.7755575616e-09
  505    5.9952043330e-08   -2.4424906542e-08    4.0661918277e-08    1.1102230246e-07
  506   -1.0408340856e-09    4.1633363423e-10   -1.1934897515e-08   -4.9960036108e-09
  507   -8.7430063189e-09    8.6042284408e-09    1.3461454174e-08   -8.8817841970e-09
  508    7.8062556419e-10    1.2411946471e-08    1.4190038033e-08    9.9920072216e-09
  509    4.2327252814e-09   -6.1062266354e-09    1.0963452368e-08   -5.5511151231e-09
  510   -3.8597597340e-09    3.0531133177e-09   -2.0903417886e-09   -7.4593109467e-09
  511    4.7531423242e-09   -3.1225022568e-09   -1.2836953722e-08    8.4654505628e-09
  512   -9.5800103961e-09    1.1750583145e-08   -1.4658413372e-08   -1.5386997232e-08
  513   -1.1102230246e-09    6.6613381478e-09    1.2698175844e-08    2.2204460493e-08
  514    1.5820678101e-08   -9.4368957093e-09   -1.6653345369e-08    3.2196467714e-08
  515   -3.2439329001e-08    1.4849232954e-08    4.4061976290e-09   -5.6742804899e-08
  516   -3.1780134080e-08    8.3266726847e-09    2.1684043450e-08   -5.6343818500e-08
  517   -2.3314683517e-08   -1.4432899320e-08    4.5796699766e-08   -4.8849813084e-08
  518   -5.8286708793e-09    4.4408920985e-09    2.2204460493e-09    7.7715611724e-09
  519   -5.8113236445e-09    1.0538445117e-08    1.0321604682e-08   -2.3418766926e-09
  520   -1.0408340856e-09    9.2287288922e-09    8.4654505628e-09    5.6898930012e-09
  521    2.3592239273e-09    8.3266726847e-10    1.3877787808e-08    5.5511151231e-10
  522   -4.7097742373e-09    2.7668839442e-09   -1.8561541193e-09   -9.0899510141e-09
  523   -6.1756155745e-09    7.2511441296e-09   -1.4085954625e-08   -4.8572257327e-09
  524   -4.0525308803e-08    2.2382269649e-08   -3.0390186895e-09   -7.3886209651e-08
  525   -4.1217029789e-08    1.6098233857e-08    1.2698175844e-08   -7.9380946261e-08
  526   -4.7184478547e-09    1.0547118734e-08   -3.0531133177e-09   -2.2204460493e-09
  527   -1.1934897515e-08    3.3306690739e-09    1.5334955528e-08   -2.3869795029e-08
  528    6.3707719655e-09    1.9730311135e-08    1.0785372161e-08    3.0231893378e-08
  529    5.5511151231e-10    1.6653345369e-09    9.9746599869e-09   -3.3306690739e-09
  530   -6.0628585485e-09    2.4459601011e-09   -1.2316536679e-09   -1.1726730698e-08
  531   -8.3266726847e-09    0.0000000000e+00    2.7755575616e-09   -2.3314683517e-08
  532   -1.0269562978e-08    3.8857805862e-09    1.9290125053e-08   -1.2767564783e-08
  533    1.1102230246e-09    4.4408920985e-09    1.1657341759e-08    1.6653345369e-09
  534    2.0816681712e-09   -8.3266726847e-10    1.4155343564e-08   -3.3306690739e-09
  535   -1.2767564783e-08   -6.6613381478e-09   -1.1102230246e-09   -1.6653345369e-08
  536    2.9143354396e-09    5.8286708793e-09    1.4571677198e-08    8.8817841970e-09
  537   -3.7643499429e-09   -2.7235158573e-09   -4.6056908287e-09   -1.9359513992e-08
  538   -1.0408340856e-08    1.9602375279e-09   -1.0477729795e-08   -2.6784130469e-08
  539   -1.0630602301e-09    1.1462185368e-08    4.8371679925e-09    8.3803406922e-09
  540   -5.5511151231e-09    5.8980598183e-09    9.6949358264e-09   -4.7184478547e-09
  541   -3.1398494915e-09    7.2164496601e-09    6.7849371954e-09    2.3592239273e-09
  542    1.0408340856e-10    1.4918621893e-09   -1.0096090630e-08    1.0408340856e-09
  543    1.8682971836e-08   -7.8756445809e-09   -1.4111975477e-08    3.3618940964e-08
  544   -2.3869795029e-08    1.2628786905e-08   -5.7245874707e-09   -4.5241588253e-08
  545   -5.1347814889e-09    1.3877787808e-09   -1.1796119637e-08   -1.2767564783e-08
  546    1.6653345369e-09   -1.1102230246e-09    3.7470027081e-09    1.1102230246e-08
  547   -3.1225022568e-09    5.7245874707e-09    4.9960036108e-09   -1.0408340856e-09
  548    9.2200552748e-09   -7.5373735031e-09   -1.2264494975e-08    4.5883435940e-09
  549    5.9674487574e-09    2.2204460493e-09   -8.0491169285e-09    2.3037127761e-08
  550    2.3852447795e-10   -1.2251484549e-09   -1.2845627340e-08   -1.9992688061e-09
  551    4.7531423242e-09   -2.2204460493e-09    1.4016565686e-08   -3.1918911958e-09
  552   -1.2628786905e-08    1.1102230246e-08   -9.9920072216e-09   -1.8318679906e-08
  553    1.7486012638e-08   -5.8980598183e-09   -1.6375789613e-08    3.6221026178e-08
  554   -3.8857805862e-09    5.4123372450e-09    7.0429773125e-09   -2.2204460493e-09
  555    3.5388358910e-09    9.0205620751e-10   -4.7184478547e-09    1.7624790516e-08
  556    4.6490589156e-09    3.2959746044e-10   -7.5633943553e-09    1.2524703497e-08
  557   -6.7654215563e-10    4.9222778631e-10   -9.5453159266e-09   -3.7773603689e-09
  558    1.4571677198e-09   -9.7144514655e-10   -8.7083118494e-09    2.2204460493e-09
  559    1.7937040742e-08   -7.1123662515e-09   -1.2576745201e-08    3.2144426010e-08
  560   -3.8163916471e-09    6.5225602697e-09    7.5286998857e-09   -2.7755575616e-10
  561    3.8163916471e-10   -1.2802259253e-08   -1.2802259253e-08   -1.7659484985e-08
  562   -4.8572257327e-10    6.2450045135e-10   -8.3266726847e-09   -2.7755575616e-10
  563   -1.9428902931e-09   -1.3045120539e-08   -4.9960036108e-09   -1.9984014443e-08
  564    1.1934897515e-08   -1.6653345369e-09   -4.7184478547e-09    4.2188474936e-08
  565    1.2490009027e-08   -4.9960036108e-09   -9.4368957093e-09    2.0539125956e-08
  566    1.1657341759e-08   -4.5796699766e-09   -5.5511151231e-09    2.8588242884e-08
  567    1.6514567491e-08   -7.3552275381e-09   -1.2351231149e-08    2.6367796835e-08
  568    1.2906342661e-08   -1.1934897515e-08   -8.6042284408e-09    2.3314683517e-08
  569    1.5265566589e-08   -2.6714741530e-09   -1.6653345369e-09    2.2204460493e-08
  570    2.4702462298e-08   -1.6653345369e-08   -9.2981178312e-09    5.1625370645e-08
  571    1.5543122345e-08   -3.3306690739e-09    3.8857805862e-09    2.1094237468e-08
  572    1.6653345369e-08   -7.2164496601e-09    6.1062266354e-09    3.5527136788e-08
  573    3.8580250106e-08   -1.4432899320e-08    4.1633363423e-10    8.1601392310e-08
  574    2.2204460493e-09   -3.3306690739e-09    4.4408920985e-09    1.5543122345e-08
