   0    0.0000000000e+00
   1   -9.4139804781e-04
   2   -2.1551240263e-03
   3   -3.7545522355e-03
   4   -5.0121131581e-03
   5   -6.1702995522e-03
   6   -7.2937684768e-03
   7   -8.2993151769e-03
   8   -9.2447344504e-03
   9   -1.0268515556e-02
  10   -1.1289349279e-02
  11   -1.2570115327e-02
  12   -1.3585797148e-02
  13   -1.4138124610e-02
  14   -1.4592394873e-02
  15   -1.4968957658e-02
  16   -1.5707059239e-02
  17   -1.6558437106e-02
  18   -1.6773347278e-02
  19   -1.6090893919e-02
  20   -1.4409797631e-02
  21   -1.2931970071e-02
  22   -1.2183966195e-02
  23   -1.2227007488e-02
  24   -1.1009878893e-02
  25   -8.2751707376e-03
  26    6.8091009965e-04
  27    8.5642498578e-03
  28    1.5392115301e-02
  29    1.5085221022e-02
  30    9.2053280901e-03
  31   -3.6898128460e-04
  32   -8.9574041363e-03
  33   -1.3786626125e-02
  34   -1.1722692705e-02
  35   -4.2960283940e-03
  36    7.0249023644e-03
  37    1.5984278983e-02
  38    2.0560033284e-02
  39    2.0757721224e-02
  40    1.9873991775e-02
  41    2.0536997776e-02
  42    2.1746535722e-02
  43    2.3070409557e-02
  44    2.4124973320e-02
  45    2.3660528553e-02
  46    2.2408545965e-02
  47    2.1425303421e-02
  48    2.0814004478e-02
  49    1.9883384936e-02
  50    1.8776513730e-02
  51    1.7400917239e-02
  52    1.5955056070e-02
  53    1.4332279531e-02
  54    1.2903202873e-02
  55    1.1888214420e-02
  56    1.0683050101e-02
  57    9.3127131655e-03
  58    7.6962928544e-03
  59    5.8636932308e-03
  60    4.3065540928e-03
  61    3.2204675064e-03


