   0    0.0000000000e+00
   1   -9.4139815045e-04
   2   -2.1551240916e-03
   3   -3.7545522851e-03
   4   -5.0121131953e-03
   5   -6.1702995810e-03
   6   -7.2937684965e-03
   7   -8.2993151882e-03
   8   -9.2447344534e-03
   9   -1.0268515551e-02
  10   -1.1289349262e-02
  11   -1.2570115296e-02
  12   -1.3585797104e-02
  13   -1.4138124549e-02
  14   -1.4592394795e-02
  15   -1.4968957563e-02
  16   -1.5707059126e-02
  17   -1.6558436976e-02
  18   -1.6773347135e-02
  19   -1.6090893763e-02
  20   -1.4409797463e-02
  21   -1.2931969887e-02
  22   -1.2183965991e-02
  23   -1.2227007260e-02
  24   -1.1009878647e-02
  25   -8.2751704616e-03
  26    6.8091040602e-04
  27    8.5642501867e-03
  28    1.5392115583e-02
  29    1.5085221199e-02
  30    9.2053281452e-03
  31   -3.6898128440e-04
  32   -8.9574040584e-03
  33   -1.3786625809e-02
  34   -1.1722691993e-02
  35   -4.2960272048e-03
  36    7.0249042067e-03
  37    1.5984282079e-02
  38    2.0560038392e-02
  39    2.0757729675e-02
  40    1.9874004851e-02
  41    2.0537026875e-02
  42    2.1746711993e-02
  43    2.3070365810e-02
  44    2.4124751401e-02
  45    2.3660507218e-02
  46    2.2408552545e-02
  47    2.1425312956e-02
  48    2.0814010390e-02
  49    1.9883388037e-02
  50    1.8776515549e-02
  51    1.7400919112e-02
  52    1.5955057974e-02
  53    1.4332281265e-02
  54    1.2903204357e-02
  55    1.1888215704e-02
  56    1.0683051168e-02
  57    9.3127140127e-03
  58    7.6962934784e-03
  59    5.8636936215e-03
  60    4.3065542962e-03
  61    3.2204675031e-03
